-528.09
1415.50
1492.20
2058.24
-1512.24
-823.89
1341.15
-1111.13
269.85
-113.01
644.35
-676.08
67.00
2261.15
2080.98
678.56
1086.48
-1791.99
534.84
-2418.50
-1285.57
-1813.84
1520.88
-1716.60
-495.28
-1851.05
-1955.96
2494.62
-1408.72
64.66
1695.56
563.20
-1019.84
687.76
121.44
-32.09
2363.88
-1037.42
1356.79
133.72
1349.57
-498.86
1957.65
-1083.43
-737.71
1538.62
2095.13
-2151.22
2246.64
129.98
-2069.72
-1538.93
816.13
1951.16
-755.54
-2179.14
-2399.88
-211.49
-2184.52
-1308.60
2353.17
2011.04
1754.60
-1166.67
198.80
-623.97
1301.24
62.68
838.62
158.03
-2303.60
-311.81
2159.18
2154.05
1104.76
-1078.53
1192.67
699.89
-729.76
939.31
-1670.13
-299.48
1900.38
1646.01
-848.31
-1355.16
1966.86
-748.20
933.35
2282.34
443.20
786.52
1793.38
-302.20
2119.85
-507.82
1573.83
921.09
2054.86
-87.55
-1420.88
2251.26
2100.64
-1761.70
1905.31
705.40
-340.23
597.98
-1094.70
1430.01
-962.71
-264.83
-1369.47
-1562.33
-1118.83
282.22
-417.49
-1651.96
2034.02
-1984.14
-1869.62
-22.78
1302.38
2423.76
2175.02
922.23
-584.06
1248.85
-656.68
-1029.20
-1338.69
422.44
-1277.94
-1738.05
1160.74
-1872.63
1467.35
-1679.49
1225.36
-2127.35
2250.52
-2237.35
107.82
-1618.95
-1299.69
1488.99
1163.27
782.82
2337.03
697.29
1298.67
-2032.60
-1825.49
101.05
-2108.84
-2150.47
-1476.72
-192.90
1598.39
366.59
1277.90
-2240.31
-1710.96
2499.97
-1478.36
1949.78
-1872.66
2488.99
-2229.71
1852.70
-2138.36
-2479.19
2115.35
469.46
-1598.14
-1684.34
-541.55
2065.13
1598.48
-704.52
262.43
397.15
-237.12
936.94
-2001.80
154.04
1286.47
-978.52
2461.14
384.86
1888.07
1239.05
644.55
-2322.90
1239.01
1666.19
2126.88
1866.36
1655.19
2397.17
1219.06
2016.83
2417.98
834.40
-13.71
-1680.16
1650.06
1944.74
-2115.03
748.53
-1259.78
647.40
-1354.32
1003.10
-915.66
-856.11
-1342.86
-2129.20
665.36
-1381.72
755.66
53.43
2357.33
-1099.79
230.53
1096.34
-1933.60
-142.58
462.70
2221.59
-245.41
-818.24
1738.42
-327.43
-2483.84
-775.29
492.41
1666.22
-1330.54
877.38
-85.25
-90.32
-975.22
1060.44
-1587.22
609.11
-2295.68
-430.08
979.92
869.68
688.20
-764.42
-1576.89
545.53
635.79
1153.65
-858.13
1202.19
-1488.94
2104.57
923.78
765.65
-1213.67
162.20
-2061.78
-1197.52
1886.92
930.62
-2031.30
-1943.62
-692.00
383.45
466.06
832.78
-1056.11
1378.84
-1058.10
-851.79
-1551.25
2421.82
-2482.11
1636.96
-842.60
-1558.99
-317.51
2293.18
2094.65
1324.36
995.38
-1894.28
928.93
-580.84
1371.37
2215.26
2081.36
1809.59
-1482.26
1468.28
240.21
-1013.56
2024.66
2048.21
1869.89
-9.28
381.00
-1686.22
-1130.44
1822.89
-38.01
-181.69
1744.71
-20.11
-1044.73
-1597.89
920.89
1137.75
-1804.71
515.54
-37.89
1690.67
1121.26
-1608.96
-1390.17
-7.37
-1893.71
-1808.81
-697.79
-875.97
2159.48
2042.42
610.48
1684.14
1590.64
-19.63
-825.14
-528.36
794.16
544.41
-1205.47
-1743.85
-2137.27
-1960.76
736.04
-682.01
-1058.65
-843.07
-2044.26
-363.36
2172.47
417.85
-1172.69
793.73
1308.89
-62.87
-1713.64
1915.18
628.33
88.57
-1460.78
287.80
-369.00
1649.70
-528.06
-1278.36
-869.93
1146.80
693.27
2424.22
-808.79
1987.80
-1819.63
-446.06
-2472.96
1416.41
1371.93
-1031.61
-1926.66
1827.67
1105.03
-2254.19
-254.47
2432.34
1039.55
-1445.59
-130.53
1825.91
-2030.40
-2002.20
-585.52
-991.18
785.60
1545.48
-1841.49
-2242.46
-2232.89
-211.42
1404.34
960.38
-287.20
-1904.44
448.18
393.17
149.50
475.23
-690.42
-978.57
1943.62
-117.08
-1650.90
548.65
128.74
594.63
480.98
-1331.72
1649.04
-2149.55
-2005.81
2118.64
-1651.75
-91.33
-1372.55
1633.85
-1045.86
-714.03
1891.39
-778.75
1574.54
795.73
-2318.36
-1212.66
1391.29
629.82
1680.52
-959.22
-1394.95
-1509.90
562.21
-1951.34
873.03
1411.31
1097.31
-1498.24
-494.06
-921.71
-329.96
-1345.02
-571.26
164.23
-1726.38
276.99
-2427.10
-598.93
-589.16
-972.96
1187.04
-1197.78
748.29
261.58
2097.95
929.93
1548.93
989.24
-940.25
729.45
-2469.98
164.80
1719.55
592.23
713.46
92.57
-496.45
-689.23
1094.34
1509.48
889.06
-1735.62
-2335.54
-2182.20
928.61
-1561.92
594.79
1001.51
339.16
-2494.37
-2471.45
-973.81
-1192.15
776.84
1787.78
-1594.19
-793.23
836.70
1895.05
766.52
-933.85
1925.07
-1568.68
-1714.30
17.31
1644.79
878.27
2020.85
-1544.44
-527.39
1030.33
1844.62
236.99
1194.80
2162.42
-1334.41
2132.88
257.21
2167.10
-27.97
262.84
2195.65
1498.23
1570.69
472.49
786.00
2476.50
2179.26
-877.29
1871.55
445.78
688.85
1296.62
1377.11
1474.55
-1186.08
521.89
-147.18
-1665.23
1477.45
1825.43
1865.11
822.07
-437.59
559.90
484.50
728.01
192.78
-1758.29
395.11
-2335.18
1004.55
90.75
1663.05
75.25
-1936.76
-50.95
51.75
-2257.50
1571.76
-576.71
688.28
-239.39
-1780.09
-434.61
-1264.84
-466.17
-2412.72
1087.98
368.61
1564.74
413.41
-266.29
-113.19
2475.82
-2206.38
-2128.70
703.83
486.40
-1386.99
-1401.06
651.22
2117.56
1189.69
-185.74
-307.19
1752.93
2263.31
2244.55
1995.43
1335.07
-832.15
183.71
-1404.32
-112.24
2249.10
-169.16
1921.59
2336.38
-1581.17
-209.81
1401.12
1332.24
2023.91
-1212.07
1308.06
2317.52
-840.77
-488.11
303.92
272.24
610.83
-1544.86
-110.20
-699.47
769.40
2082.61
-1446.54
532.71
1827.17
-1951.11
-632.22
-1504.99
732.60
463.46
882.77
481.70
-2205.70
304.36
318.09
-1286.87
-2405.45
-780.79
-2454.63
2118.46
507.13
1353.43
1935.99
2166.36
-1634.68
-260.09
-61.40
1476.16
695.05
2328.41
-1723.32
-1035.55
1911.02
-669.86
1997.16
1238.19
-120.97
-1135.06
2233.20
-1888.37
1828.40
615.97
1093.33
2122.70
-1579.67
-1088.58
-1664.17
-1485.12
630.63
-1618.81
-1866.65
-1362.24
2234.62
-2430.67
-1695.88
-1900.05
-190.76
742.73
2076.10
-1995.72
571.13
-2147.22
-531.27
-17.85
-317.08
-1034.11
-1279.66
2061.95
330.82
-1546.45
-2326.42
-340.78
1569.52
1266.91
-718.08
2489.85
-2321.67
117.74
-1495.27
808.96
998.94
-861.92
1946.72
733.56
-792.59
-2249.16
1333.51
1516.65
993.57
909.61
2020.94
-935.30
1262.39
-1010.33
1546.85
-1554.68
455.55
-2232.80
-1992.73
-1713.62
-1279.26
-1819.15
445.59
-2209.74
1947.77
2227.51
-2219.89
2126.10
-154.75
-1215.15
435.06
-1655.81
422.93
-118.23
1577.75
2130.34
132.61
411.25
1146.99
-1373.82
-1179.14
667.92
190.88
-2416.75
2157.59
-762.27
-1471.43
113.14
-495.07
-964.16
899.52
725.67
-283.31
-1154.89
1015.93
-835.54
-1427.38
1296.04
-1209.44
917.87
-2419.11
1725.61
1762.06
503.81
-892.61
839.80
134.15
1740.00
-1248.95
-1218.86
-2133.82
71.91
1949.06
557.05
155.16
1606.65
2294.78
1183.73
-780.20
-700.29
-2280.42
-2380.68
-2474.62
-63.73
-1035.57
1041.31
1600.73
37.05
-162.65
-2108.71
-1545.08
-81.76
2116.90
-2283.03
-2077.95
-1275.71
1056.77
556.21
-2035.71
2307.83
1837.35
-1669.53
-120.26
1286.41
1387.52
-2465.10
393.06
1182.31
1218.64
2112.86
-2017.98
1438.21
2232.18
-1992.60
-1125.52
-1303.40
1548.71
-2024.79
1233.65
-1113.93
-1633.50
2188.57
1304.31
-2016.59
2405.54
1726.37
-792.30
962.32
-217.43
-328.01
770.14
-880.08
502.46
-1850.12
-2093.67
-610.01
-1815.22
799.39
-1927.70
1903.42
412.25
-1445.68
841.63
144.42
-938.28
2216.11
1341.03
-1889.57
-2308.68
74.68
-503.50
-1442.17
-236.75
-1699.19
-958.77
-331.21
-2472.83
748.93
-1868.89
-190.25
-2079.08
1401.25
1429.66
923.38
2051.13
1835.99
-2186.63
-2264.09
135.37
-1614.34
2139.33
-1952.38
-560.02
480.96
692.05
1001.70
197.07
-466.92
1612.13
388.39
2107.75
-1391.37
1446.22
-629.00
-590.56
-2012.55
1539.80
-563.39
1236.39
2170.91
1746.36
1657.31
1072.16
676.02
80.69
623.29
12.01
394.06
859.20
-2352.62
1279.73
498.53
-1805.00
-1780.29
-1520.51
1387.05
1721.41
1176.56
-1579.87
833.54
-935.05
-1972.12
1942.16
-1988.83
-101.11
-1148.40
-1501.38
-1061.32
788.22
2235.00
-1390.41
34.57
1392.31
2181.75
-1789.41
-1026.99
305.04
722.60
1867.07
-1335.76
869.98
646.80
1662.77
1564.98
1366.50
-2357.74
452.04
587.91
1318.82
1372.16
-1078.55
-2116.23
1900.04
-1636.39
-1605.07
-701.07
-284.79
-606.45
737.61
-1996.57
-871.44
1847.20
538.00
-1979.13
1528.94
1248.59
-506.12
-666.02
-528.81
-1139.05
498.22
-2158.83
2007.74
-339.00
1906.16
874.25
-196.74
-141.81
-1037.84
-1377.92
-1269.64
383.61
-994.16
-1869.60
1247.22
-99.22
-70.67
-1537.57
1794.33
-1833.06
-1034.14
-1577.11
-2485.86
2003.86
-1056.24
1543.08
752.45
937.64
-1622.93
-2276.35
2298.58
1375.29
-1935.18
1806.33
-1463.72
2470.98
180.57
839.54
-170.83
1642.73
1961.62
1059.53
-473.66
-1532.54
1689.93
-1726.45
868.24
-880.74
-764.02
162.57
-213.80
701.84
1085.46
-199.66
205.70
-2470.78
-1156.58
-1541.85
966.85
-279.51
-1318.20
765.43
-1404.23
-753.38
71.76
-367.94
-782.40
-2247.67
-2028.40
1546.77
1895.06
2433.22
106.30
-1078.60
-1599.32
-703.77
-305.05
1768.92
915.49
1430.93
-568.51
-1798.31
-367.23
-1983.05
502.03
2338.47
-1953.83
1845.45
-1703.38
1513.02
-934.07
-521.58
-221.55
161.71
1225.04
2350.21
2293.77
-2057.36
-2397.46
-2234.63
1989.42
1997.60
-2301.42
-404.28
-1581.00
-1400.73
1391.95
613.96
-2131.81
-192.56
-455.11
-200.32
509.13
1677.66
316.63
-1488.84
1516.13
862.80
-2143.39
2312.76
-124.18
-577.46
-708.82
2154.27
2084.25
-1983.78
2004.48
1878.02
-1541.14
2107.02
2143.39
-2051.73
1604.63
2341.97
43.99
-2476.37
-1558.76
-1064.05
637.59
-1190.57
1243.39
-2317.52
1109.11
-747.47
1860.14
-1074.25
263.69
876.28
2288.55
620.30
689.03
-335.63
-2457.16
2480.21
-681.36
2127.10
-2003.57
-1176.88
1505.12
-1044.72
-1569.86
1148.51
-596.44
-2465.23
990.48
1947.55
-2441.60
1931.72
-1616.50
695.99
-1758.85
2126.89
878.47
1850.26
-1120.58
238.61
-1723.99
1643.11
-1385.11
-1935.44
-236.59
1803.92
228.92
-193.75
1784.13
2047.56
-566.65
2280.55
-1629.32
-1561.53
-1264.16
-699.18
2086.97
639.40
-664.41
577.46
86.95
-606.00
9.18
970.46
-2410.01
750.33
597.35
968.46
100.59
1976.77
-1292.93
876.60
1119.88
-178.04
1441.16
-1616.72
-874.11
-829.92
689.53
-1589.99
-1282.36
-2377.12
-1809.43
-411.68
-1438.66
-573.59
1389.14
-1851.68
-2434.19
-1775.27
1225.77
152.76
118.73
-1265.05
-1376.78
208.72
1985.28
1720.56
-1322.82
-414.13
1197.33
-115.75
-2037.53
-182.79
2206.21
1903.63
700.49
-1167.90
-1426.30
-1109.98
-257.89
-208.66
-987.10
432.68
1879.66
74.24
2359.09
768.80
722.56
2424.90
1493.53
-551.67
77.66
-887.74
683.28
1200.88
1820.97
168.56
421.44
-2001.85
2254.43
-881.23
382.40
-2283.10
1435.98
88.61
2120.52
-363.52
1420.71
-1805.78
1026.50
-1337.17
485.57
-2460.60
1595.51
-134.77
113.64
1454.60
-1865.97
-1663.79
1379.50
2127.56
284.54
-1042.84
-1260.19
-1532.18
-2341.97
-1939.22
1136.38
579.47
-1441.07
890.80
2198.25
1441.33
1107.70
1134.23
-970.06
728.22
-1729.29
-2049.35
1422.45
1797.21
-886.53
-591.99
1836.61
-1791.02
1773.24
-549.75
2163.58
2407.27
286.46
1043.08
2034.82
-1929.00
-2499.77
-1725.37
-961.18
-2341.73
-1164.58
-2324.81
737.74
-105.65
1066.00
435.99
-1164.33
-326.30
-929.78
365.61
-2098.08
-159.08
816.26
1824.37
-861.87
2429.73
-1267.62
-1525.26
-1861.29
-1994.38
424.99
-2197.71
-2087.12
-1788.55
1345.37
2447.71
-1217.56
1345.61
-1777.66
321.26
1503.87
-442.24
496.45
-258.39
1952.10
-937.55
-2322.40
-1712.23
1236.15
-752.19
1153.38
1638.07
1588.74
-530.36
962.44
-1773.13
-600.63
2194.82
-798.40
38.09
-2299.56
2126.59
340.38
-1886.68
-2161.96
-814.25
-1938.97
-879.52
-1968.64
-1216.63
1941.74
2035.23
841.12
-61.81
-723.16
293.22
1500.65
-545.56
1081.00
236.80
1202.25
-265.62
-625.13
290.99
1704.02
-2162.69
1017.85
-1396.61
-2467.87
-2280.54
1141.48
-2267.44
2346.05
-1018.14
-1654.12
-2315.91
667.61
-1093.09
-695.43
1198.97
190.28
-1253.69
734.20
-1468.60
1184.50
-2488.95
1324.62
185.15
-534.51
-94.38
-2078.05
-1832.26
2140.00
-203.18
958.73
1344.02
134.13
-523.42
2447.41
166.26
-303.96
1088.89
398.83
-457.91
-2429.25
1244.71
-273.83
738.36
-2348.38
1530.74
-562.67
341.90
-2222.95
-2328.47
1373.30
1461.56
-2317.42
197.92
-853.29
-351.93
-2396.46
-431.34
315.81
2243.54
1865.48
-1225.47
1087.56
-500.38
751.11
1034.98
2165.88
-2052.85
-376.13
64.71
-10.77
-305.38
-1190.58
2215.41
-2067.02
-1038.96
1246.15
-129.69
1802.93
1523.20
41.85
676.23
484.76
224.43
-1625.85
2131.47
2372.49
-1522.31
-799.87
188.30
-1778.77
-1434.39
1462.83
1808.79
565.23
-286.06
343.77
231.11
161.09
2467.64
-2204.18
-2349.67
-337.74
-894.77
2365.73
95.24
566.27
1111.88
2465.55
-130.80
135.09
7.40
-1954.57
-1880.15
-2268.17
-1080.41
-2248.68
-2395.68
-102.72
-548.56
292.62
618.51
517.06
-744.55
-72.70
-1417.72
1469.39
-2228.93
1313.39
-869.52
-2261.29
1609.21
-719.19
-99.03
-1785.56
-853.46
2496.21
1280.71
-2241.57
2461.76
-1350.08
393.51
-30.84
-804.65
1013.36
200.98
614.94
1264.68
305.30
-1987.79
-1783.88
-1902.08
1130.72
1233.18
-146.63
-1441.98
2315.46
-1177.24
-1170.91
1128.85
453.25
-932.20
238.06
2234.06
1468.77
952.51
-1119.40
1464.97
-266.78
-860.97
1426.73
883.14
2032.54
-1104.11
-2421.50
545.90
1596.87
693.44
-689.43
-597.83
1205.65
26.69
0.09
-163.63
-1240.13
2353.46
894.39
-1424.67
-1323.77
2223.48
2204.19
1629.47
-1208.72
-57.75
1363.53
-2239.95
-1605.24
-2255.87
1725.02
627.98
-616.85
651.76
-988.88
-1084.31
2047.64
-910.38
1961.59
1144.51
2283.06
-1227.84
-1953.31
988.71
1298.86
546.78
-1674.92
-2441.27
400.24
1719.47
-1365.94
1576.47
1442.95
-1661.76
705.94
-2265.76
780.49
-430.53
-2005.71
1675.25
-186.40
2219.31
-196.77
1696.75
371.07
1314.36
-1887.55
-81.29
-2096.02
-2425.97
-1436.77
-2312.97
-1153.80
-890.09
1175.74
-2354.95
2156.69
2000.81
-2296.22
56.93
1220.28
-1162.16
-866.60
163.23
-323.92
2339.34
397.47
-2043.43
-591.19
891.76
2131.82
1722.41
611.07
-564.95
919.16
-1517.86
-1750.59
1531.61
900.85
-1346.61
1605.64
1964.08
-1159.58
-2048.16
-1426.01
-2483.84
-1903.11
-1769.32
2016.97
-1699.33
787.61
737.25
-361.49
2421.01
-1599.52
1814.59
2260.35
1297.95
2271.16
-830.84
-310.29
1902.98
-1608.43
-2199.22
-1161.96
1810.73
-1217.08
-412.55
842.34
2183.77
740.83
-52.01
1647.84
2081.25
399.83
-2278.17
2097.41
996.72
-1547.49
1614.38
1797.39
1740.12
-148.38
-1064.10
1661.12
752.11
-1749.51
1421.47
-449.94
-1978.35
-1909.37
1739.76
2424.64
-1017.80
2040.54
-1237.33
-1707.06
-1676.54
850.12
1635.28
-1992.77
-909.05
-916.74
2155.07
-1327.79
1983.09
2376.90
-1730.39
479.81
-1670.59
2383.99
-222.79
-2430.48
-264.39
1213.11
1730.65
-2012.28
1963.61
652.12
37.78
2485.26
1242.75
-722.46
2409.90
-2275.04
-1181.92
-1327.43
-1482.11
-358.46
2022.69
-2346.83
148.77
-1386.35
-763.57
-196.16
-214.15
-1280.47
-319.26
555.47
1699.34
510.15
439.46
-1023.45
579.68
-2324.93
-2310.34
-189.67
-1837.21
2153.27
-2037.55
700.56
2138.53
1705.20
2478.10
2048.43
1930.15
-1203.82
-1779.00
-2051.96
937.73
-2256.31
-1898.79
-1413.50
-1142.66
-162.35
890.34
1143.19
1057.17
-1928.92
-801.34
256.51
1081.23
2138.12
1733.06
-839.09
2313.18
1922.72
1471.24
-2024.03
1575.98
1933.68
1176.54
1214.51
1138.88
1154.64
762.94
569.04
2450.82
1483.94
1017.08
888.55
1727.63
1618.29
1975.05
-1915.03
-1044.06
365.39
1728.17
-2486.89
936.47
-1573.18
269.62
-482.30
-1935.06
-497.32
1178.61
-2121.88
-1074.60
149.85
-1645.90
-1998.62
-416.47
2030.63
1715.90
-1777.59
685.27
-21.16
1291.45
636.09
-1037.22
-191.47
-975.36
-1809.59
-1073.18
-1500.31
-1224.62
382.76
1365.08
-1996.45
395.88
-198.45
-1069.63
-1834.50
1819.25
-504.69
168.18
497.86
-126.56
1593.58
-1852.29
727.53
2094.96
231.24
258.16
1310.86
953.65
-1556.57
-1210.31
-254.90
1579.53
252.47
2053.63
-1895.83
942.88
-1519.55
-896.14
2218.26
1363.22
-2031.06
-2278.19
-740.90
270.49
-847.82
-75.40
-410.26
1147.49
-2407.22
-2412.40
-1479.07
1686.36
-1764.69
1748.46
1281.32
966.55
-493.37
92.18
-579.79
450.06
1381.87
1665.31
-470.41
-865.66
1218.94
133.76
-2422.78
2199.39
1737.62
2295.48
1062.61
2206.55
-2482.71
-2178.29
-22.96
-830.53
246.31
2066.78
-2183.04
339.08
2154.37
-1162.11
-474.56
-2110.31
-1913.65
-1693.24
1356.24
92.98
898.94
-1723.56
-1956.96
-219.19
2441.75
72.62
1415.15
1160.69
-2293.62
1492.37
860.08
1944.00
1287.85
-577.30
1650.55
1305.14
-255.60
-872.41
-2025.39
2490.71
-1305.63
-1708.42
329.79
-1651.26
-370.53
2355.24
-1261.57
215.82
-1838.00
-2405.34
-2191.20
1560.94
-1628.89
-1648.16
-1158.24
-1687.14
924.47
-2243.09
1973.55
1130.85
1749.28
333.64
574.84
537.13
2256.33
-274.61
-657.72
-499.26
1352.98
-183.11
-508.55
-2452.65
608.47
2321.24
-1603.91
-2262.06
2176.48
-365.48
453.77
-2161.52
-270.82
762.57
1899.42
600.29
1614.41
-1758.82
1413.15
38.87
-1501.91
886.71
-1330.28
-2252.63
-1279.65
1744.56
784.50
-1523.32
-1030.05
-2373.23
477.42
-2177.06
-56.33
2468.87
-2129.71
-1947.86
2290.11
-1233.62
-1709.92
1966.59
900.90
1243.84
2305.07
-1869.92
-493.59
1704.49
1230.37
-1379.18
2445.67
143.53
1159.69
-1556.24
-1469.76
2329.41
-1308.88
-249.42
1573.97
1975.62
727.27
-1956.07
2102.40
-1295.31
-1633.14
-453.94
-1326.44
-1262.85
98.20
-1536.33
3.53
888.27
-2069.74
-1595.57
-367.88
-2264.67
-965.49
1638.53
1939.82
-2235.12
-2240.66
1885.49
408.41
1419.04
-2170.75
1438.65
1248.45
-979.62
-1310.77
322.42
-1504.00
1916.49
866.35
-1901.60
-1878.82
1733.21
144.46
-705.26
-2029.64
-2257.34
258.41
473.90
1130.93
688.66
1378.33
-1736.95
923.99
-2087.16
2401.58
363.82
-1822.28
-2339.08
-250.69
1086.13
1579.96
78.56
24.78
328.40
1598.94
1214.01
-1849.17
-2405.06
630.50
1517.17
-1806.66
1251.69
750.38
837.80
-1953.58
1220.75
1080.46
804.83
-805.36
-288.61
-1006.51
-1927.03
474.44
2417.48
-1514.19
376.01
281.30
-836.47
536.93
-2469.39
-2250.34
-383.11
109.17
274.44
2445.29
-791.89
-1011.55
-1903.88
-696.95
2118.96
2113.29
-3.61
870.64
363.68
-1665.81
1417.07
-915.58
1914.64
-278.10
779.06
-873.97
1215.39
1352.03
2100.47
1132.87
2337.84
-23.52
-1085.83
-998.63
-1986.58
-1055.22
-748.96
130.31
1553.96
2025.48
75.60
-1737.93
-1486.06
671.72
65.12
-1867.11
285.01
-2438.49
1503.54
-1851.31
-1604.31
420.61
-266.89
-2189.67
-2357.50
-1987.83
-563.64
1357.89
1864.21
-963.17
-9.24
1702.05
1513.32
1404.94
-1796.58
2026.73
-2150.28
-45.54
-342.96
1903.67
-520.06
2232.64
-2334.26
493.88
404.36
230.86
1126.77
-1810.63
292.37
130.31
-1161.94
1188.06
-1949.08
1071.16
1498.39
-1806.58
1583.34
-1565.25
2051.31
947.54
-28.41
-457.93
149.59
-1015.10
-1552.99
853.01
-1488.37
-1203.27
-1692.53
668.67
-1799.60
287.41
401.31
-1633.86
-1718.72
-1694.34
1097.00
1908.05
-1004.97
-1110.64
-461.64
333.09
-2422.58
89.28
-1095.74
1575.81
782.70
-2012.41
-2489.43
334.01
1435.14
-17.85
2376.08
-915.27
1467.05
-1676.92
2437.74
2478.68
-380.19
-1754.80
647.35
320.21
1032.61
-1451.34
1186.35
1813.89
-645.68
-216.65
1221.95
849.36
1172.71
-1739.69
-1317.55
1250.14
849.59
86.70
325.95
-867.71
574.30
336.51
1966.29
-490.57
-2181.34
1842.37
1094.16
1785.71
-2334.55
1031.89
1764.40
-214.74
1777.09
-88.25
-2394.53
309.70
960.41
1291.82
-376.40
-2185.27
-1424.83
-1654.45
1164.09
2247.88
-894.14
2346.54
998.02
2455.45
-66.76
-1176.04
-912.26
-1992.46
1660.48
-1445.97
16.97
1979.14
-2103.60
-1388.88
1264.85
-1938.14
2143.01
529.25
347.12
1420.11
-2059.00
452.59
-770.19
1401.41
-755.59
1353.41
1716.15
319.57
2198.96
380.24
67.45
-1195.19
226.78
-1434.53
-1239.74
-2339.98
-110.57
348.00
-1832.44
-950.09
1402.03
684.53
-1470.95
1798.44
1795.65
2293.90
2360.29
1438.66
323.15
207.41
358.77
764.16
-1840.00
2088.59
-334.43
-95.59
942.00
-1118.28
-2276.02
640.95
1761.96
291.43
1945.77
-511.26
1356.90
-1793.97
-351.24
-1253.66
1054.03
316.31
296.24
-43.93
-1499.16
1325.29
-745.49
-2203.51
1119.19
-885.20
1735.15
-1057.66
1822.21
-406.07
2206.50
2482.21
-817.49
-627.93
-113.39
-2375.49
753.78
110.59
765.46
15.74
-2097.97
211.23
2004.48
1758.93
917.27
-846.77
-1994.73
-528.70
1969.55
801.51
1927.37
-2029.61
-373.20
-1318.12
-1733.12
-1754.01
296.67
-2497.97
-311.67
-381.12
-404.05
-605.17
-398.91
1278.46
1266.90
1987.70
1402.97
-479.32
-401.70
-331.56
2036.42
0.33
2379.67
1540.90
-740.74
796.94
-1805.87
-235.48
-2231.76
-2336.32
-1933.96
2195.61
-1865.94
192.84
-1622.52
-1099.06
938.83
1174.15
-1097.03
-1872.83
-1706.96
998.92
22.00
394.13
-222.62
-1211.11
-118.17
-1319.64
809.57
1980.13
848.79
345.99
-519.55
728.46
-613.11
1239.71
-974.60
81.01
-1495.77
-706.36
244.69
-929.73
-1010.76
878.75
1763.11
-133.28
2279.69
201.94
-1459.12
-1317.34
829.11
-666.09
2181.57
-1648.89
2228.04
-541.04
-360.00
-390.13
639.31
-2050.43
-910.00
-1011.89
795.56
1070.46
2216.57
-2317.56
-189.83
-1258.02
263.46
814.40
535.61
-1991.85
2384.67
2024.85
1386.90
1647.78
-608.42
1166.59
-650.27
432.46
2349.25
-2321.16
2266.37
2030.82
-1470.06
1994.41
-1010.22
669.94
-895.72
2129.09
1119.51
694.29
-1382.80
-584.93
-735.26
-1666.22
-402.49
1574.91
-424.25
2360.97
-110.69
-2388.64
-2130.88
-226.02
2136.22
1756.02
-1078.23
-972.20
422.61
771.50
1960.25
271.86
950.33
1726.62
-197.32
1980.28
1221.03
1292.45
150.22
-2174.68
921.55
-1230.27
1019.60
2038.75
684.79
-2215.65
-2127.47
-2217.70
1859.25
-51.72
-2356.73
-751.44
59.64
-1987.61
1522.55
-304.14
2268.41
-2055.68
1223.66
191.02
1215.81
683.91
-2037.12
-333.85
-89.46
265.56
-853.57
-1368.43
-941.99
1796.64
-1043.11
2479.56
-1933.63
2476.49
2018.31
1251.16
-2239.16
2390.84
1533.47
2120.09
-160.88
1676.74
-1131.34
2398.76
2189.13
-2108.80
-405.38
1957.54
-1664.48
-1681.72
-351.43
2051.34
1502.20
111.45
-782.51
-1087.26
-2122.99
863.91
44.31
-564.98
160.55
1501.19
-585.42
726.92
1477.69
-1067.11
-521.92
1738.52
-1176.28
-1488.45
1358.61
1162.84
-2311.71
-2272.73
1061.60
2377.42
-1881.53
-1843.78
1834.97
-1046.00
-1025.49
-1016.47
-1494.67
-2023.30
1594.98
222.82
-610.56
1971.99
-1413.27
1933.75
-1093.00
1247.29
934.94
821.58
-525.79
-87.37
2254.47
1452.29
-848.85
-1421.81
2463.84
-1990.23
2241.03
-2347.87
-1762.96
802.63
-2470.45
-1144.49
1458.85
1864.52
309.51
-2066.64
-1651.95
1314.84
-1589.94
2443.03
-962.34
299.50
1915.02
124.39
-266.75
-1677.98
-1128.32
-1831.81
1643.61
845.88
580.81
1398.07
-201.82
2231.96
2476.26
-237.98
-2258.27
2217.29
-85.85
-1521.23
519.92
-56.30
-165.72
-521.23
-691.78
-2356.22
-87.87
156.27
1458.63
822.19
99.30
-2003.71
-1378.31
-485.68
620.68
854.94
336.35
1992.36
1523.12
-520.05
338.24
-396.06
-1621.98
-2363.58
-664.10
-1645.71
-101.56
-422.37
-1928.42
2312.59
556.40
1091.50
-243.71
-2109.33
-1929.73
1564.51
-1965.54
482.40
-779.22
1993.09
-1195.41
1820.08
2489.37
-73.72
-1165.60
610.05
-1718.78
1670.75
102.41
2304.34
-1349.30
-2059.35
-591.72
-471.28
-1922.93
1244.18
383.01
475.51
-1678.19
954.58
288.10
1378.21
-453.92
-2455.61
1768.88
116.36
1608.89
2303.34
-1901.24
-1670.33
1796.42
-596.65
-2350.25
1785.80
1829.63
-1015.85
-104.15
-2389.15
-1845.10
2498.26
2415.19
-694.41
-2061.09
-676.53
1334.31
-1484.02
-1932.35
-782.68
1491.49
-1110.54
-2328.10
-720.42
-2232.33
-282.01
-676.03
2036.55
2334.34
-1567.14
1839.89
-2066.90
-737.47
1136.31
-163.55
-587.72
422.11
-833.92
896.43
-2182.04
-723.06
1551.33
-2183.79
-807.87
-1643.08
-1744.88
1015.60
2191.24
-728.90
1583.26
-1091.45
-1737.41
-2027.28
-919.54
42.17
-1759.62
1298.44
1866.14
-2223.07
1132.78
-2201.00
2116.82
1565.88
-438.47
753.13
-1097.67
1473.81
-1324.76
568.42
-129.75
-1006.81
2345.35
-1078.42
-690.59
-962.52
-221.50
64.53
-2446.91
-530.26
1835.63
1636.34
878.30
-2401.78
2109.06
2458.75
140.39
-2150.56
1257.20
-493.47
-1873.62
-110.02
-194.47
-2256.81
-1044.14
1867.06
996.32
358.20
840.88
2171.56
-1573.39
-1788.87
-1335.25
-1728.03
-367.29
474.16
-190.55
1911.21
-1961.31
-137.46
-1119.05
2374.33
-1001.12
2259.25
2472.55
-1392.07
2218.00
112.94
-1042.62
975.20
2119.47
-416.25
-1634.82
-575.00
-173.05
-178.96
-1207.93
-1676.73
-2320.76
2132.94
-2005.17
-1394.15
-2155.93
-840.42
-622.18
-23.23
2133.75
1687.27
-612.02
-2327.56
-950.20
768.94
-2453.24
548.68
528.18
-2480.69
1656.61
246.19
132.25
-1886.01
-1278.61
-248.28
197.74
-413.44
1676.73
-2475.31
1907.60
-2031.21
-1652.04
2086.84
-2398.26
-1157.21
-1807.30
-2054.20
502.38
70.52
422.58
136.12
-742.21
2310.56
308.56
807.59
579.50
355.32
-1143.73
-1392.32
374.63
-1987.11
1353.87
-1993.12
-1373.12
-2424.74
258.61
1324.62
-338.18
-564.66
1349.31
-930.58
-95.87
2197.27
-1343.73
5.87
-1459.94
-651.04
451.67
1542.44
1919.48
-1625.75
-821.44
-1322.73
-1815.19
1987.12
1984.86
1264.31
-157.56
-1658.87
2371.99
-2282.93
-1145.99
1225.86
-1776.04
-19.11
1301.11
982.56
-1194.49
-1537.07
-2082.10
-2345.18
32.36
322.03
2352.09
1188.62
-2172.10
-1607.85
-1962.41
779.57
2434.59
2457.07
1653.82
-886.85
-1365.67
2338.63
-1399.73
-1880.81
1102.94
942.71
-1039.68
974.93
1159.78
314.33
-299.22
1883.74
-2204.78
-1498.10
366.30
-899.27
-535.17
784.20
-744.46
1997.18
-1393.77
-892.37
685.81
-1065.87
-0.22
1223.39
2213.70
-65.63
1180.46
1367.51
1547.52
2314.79
1206.14
-2352.21
-2066.02
-190.92
1090.50
-605.71
-1715.99
-249.72
2208.62
484.79
-865.98
-2496.16
1486.69
2000.33
-895.44
-1548.49
284.53
860.11
-2051.30
1390.76
2467.74
1134.50
-2175.12
-32.48
-142.11
-2461.42
2401.88
-1461.65
1406.09
1449.40
-1646.86
112.24
1597.18
-1212.88
2421.32
187.68
681.41
-1794.67
2437.96
390.03
1190.12
-928.02
393.87
176.80
-1427.69
1998.43
1128.32
1356.84
358.54
1577.01
247.59
326.28
211.51
572.48
-2206.21
-2430.59
611.06
-2304.32
-1392.24
-482.85
1645.07
-539.10
2129.39
742.26
748.01
2050.71
-1570.07
-1070.58
-2243.96
-1632.10
1819.45
1446.15
-60.12
-286.68
-877.04
1012.19
-788.24
-2248.73
-130.98
2070.30
1828.28
-2383.38
-103.42
-460.20
689.09
190.37
-390.80
-1199.85
386.05
716.96
817.30
-468.88
-2322.15
446.70
-2226.63
925.87
-2.59
-1296.69
2355.29
253.45
-428.80
1674.74
-800.40
2011.08
-1111.93
822.56
523.27
599.83
1073.83
-2107.71
170.13
402.11
-1991.09
-2433.30
2441.91
1198.00
257.07
-448.89
2498.15
-1856.88
-2231.93
815.46
174.24
-2054.08
-1237.85
447.61
1371.79
1259.56
1650.92
1227.08
-987.00
-1277.88
401.82
712.61
-1766.79
1789.89
-964.84
1256.48
-110.28
-2391.01
1648.77
-2440.16
511.10
2157.68
-2373.46
453.01
855.68
383.62
-2495.88
853.83
1026.74
-2227.81
-830.71
-1299.03
-1781.89
431.44
1648.59
2089.89
-809.00
799.51
816.97
704.00
2021.63
-1281.21
-1083.39
-2245.17
-1991.32
451.77
1511.31
398.39
560.76
660.08
458.23
-1428.14
317.75
584.78
1524.88
-1326.57
-1531.61
1529.00
2027.26
1995.13
1801.18
-1303.46
-1803.89
-2480.71
1627.98
2344.69
2109.18
-1681.02
644.20
426.15
1522.98
165.83
1644.94
-2060.41
420.66
2153.62
891.35
-568.03
52.01
-1047.89
-2407.95
-1989.76
23.98
409.80
1095.02
-951.14
1583.23
2063.41
-1922.15
1110.49
1558.54
2379.04
2307.03
2254.65
2398.33
1435.01
2099.34
2007.51
2253.99
243.54
-66.33
1276.97
-2090.63
-921.39
1716.56
830.03
-1267.78
107.91
-2238.00
1284.23
1560.03
-2145.96
1794.47
-915.99
763.84
389.49
632.86
-152.93
-47.10
1210.72
-1542.45
-988.55
1089.75
-1735.42
-1233.90
988.08
2199.60
-1634.56
495.60
1953.59
1108.98
-2070.74
730.56
1518.35
-492.13
-52.88
-151.62
740.09
-2444.97
110.37
-475.68
1615.06
464.42
-1181.21
-1800.93
-1271.74
1708.29
1331.93
1075.32
-838.81
42.65
2032.88
672.64
-1367.60
-2202.54
1938.74
2120.49
2497.06
-2195.82
116.08
1950.65
1413.17
545.34
181.21
431.52
-2446.79
-2371.67
-2220.10
793.30
-2316.63
390.27
-2182.38
1798.43
-1645.31
-863.59
2497.50
-417.06
-1655.30
1329.44
-1841.73
5.89
-1127.91
-2308.86
-1821.47
4.49
-2011.39
-2382.73
-375.03
-2014.33
-2078.55
2241.06
2436.32
1834.61
286.40
117.53
-233.87
339.60
245.86
46.02
-1367.10
429.23
-2063.71
-1049.48
-272.34
-1209.02
586.93
-274.83
873.92
1431.63
-1445.40
1532.19
-1062.48
-73.31
1723.33
-383.95
2431.18
2211.94
-266.69
-443.85
-2302.39
154.76
-702.79
-2366.08
-510.63
2083.60
251.45
1755.50
-76.79
-2002.69
-698.48
1056.11
926.55
-262.18
-2493.37
-1845.79
1028.80
593.56
379.38
-597.28
-474.81
1433.98
-1565.09
962.71
-1139.33
-2341.75
-1921.24
-1208.16
2370.19
312.07
847.99
-2432.21
-2033.17
-2354.80
-2298.29
-43.80
2228.80
453.16
-788.30
-347.99
950.48
1013.22
-1791.88
-622.98
-1748.96
-1785.26
31.24
1779.84
1308.30
-2089.39
-1317.44
-1666.50
1844.59
-382.52
1796.21
-1794.74
-224.28
2374.97
-502.90
-354.09
187.04
-2154.91
-286.30
653.87
-2009.71
-84.58
-1889.93
-2280.91
-2131.42
-178.23
-128.91
1319.06
-1665.01
579.21
-1803.92
-913.97
1293.95
727.32
-1634.13
102.26
1137.93
-451.57
935.75
482.52
1665.91
231.96
1187.78
-1058.37
106.93
-1815.13
1087.54
-2206.03
-1470.04
-1698.76
947.83
-979.75
716.66
1557.90
-760.66
1085.24
-1120.34
1610.43
-95.71
-285.35
-310.36
600.38
1300.68
-1516.41
-1172.31
2166.56
1085.85
2465.62
-785.01
-478.40
448.14
-1619.10
2253.57
-864.08
-177.47
-139.50
-179.20
-1589.93
154.46
850.76
-788.69
-1397.71
2371.01
2427.97
-2339.81
-889.65
1013.20
-960.15
-1779.22
-1582.50
1254.51
410.42
1517.87
55.19
1394.01
-2154.43
-278.25
-20.14
-2188.81
1436.74
2001.47
759.34
2317.63
1755.04
2395.26
-359.84
-884.47
-283.95
550.23
1770.00
-1933.19
2261.54
-2127.71
-2062.18
2189.50
-1967.52
-451.83
702.71
-427.67
268.95
1620.21
-1673.16
-1820.63
638.08
882.04
2073.39
983.65
-1896.22
-446.75
1294.84
2040.52
-945.28
-445.82
1858.15
-1690.24
-550.56
-1001.69
-74.71
1665.49
2048.54
-804.71
2232.31
1810.08
-432.42
-2329.87
1499.58
100.06
-281.70
-297.71
2172.39
2487.26
-1177.50
-2000.77
-1833.37
1960.58
1381.27
-2259.98
444.23
1985.05
-206.73
-760.93
1525.57
1348.00
1293.25
883.73
2157.75
-1757.31
2382.04
-416.95
2408.19
1930.58
1278.33
2140.49
1240.66
-1654.09
2310.63
240.24
945.97
-471.07
2442.53
618.36
-483.81
-1234.97
1117.60
182.82
-1774.39
-1.13
422.84
1169.84
-516.08
-2283.89
-2091.09
-1490.51
1564.11
1702.17
1893.22
1221.86
2444.86
1775.26
-1695.09
2353.05
1205.84
2083.24
1993.54
-53.51
-2070.84
1804.17
-2313.27
1375.13
-1166.90
-2370.73
-506.51
849.29
-1105.70
-1888.92
-1467.89
-380.09
609.95
1454.95
-1710.25
-2406.13
1671.06
-1301.34
-1396.64
735.17
-2099.17
-2003.42
-542.97
-2154.31
2271.84
261.93
-2301.26
977.67
-154.82
2192.28
-1575.83
274.33
1496.45
-1389.10
-850.54
-2170.45
-1259.84
1142.95
1178.84
134.46
1754.03
2210.94
2254.37
-136.02
1165.89
-1955.89
-42.15
336.95
-757.23
1061.22
-1427.89
-356.40
1557.80
529.14
-10.71
1329.64
-1708.93
188.03
-192.69
636.25
-119.69
731.48
-1589.42
-1123.24
1842.38
60.04
-793.69
-1917.46
-1297.02
-2114.86
717.00
-2042.99
-2403.91
471.37
321.00
1261.97
1015.48
-2221.15
-901.08
-2241.75
1340.07
171.03
-98.14
397.87
-1799.83
2391.15
-772.50
-1008.76
79.18
1534.82
2127.49
2459.48
-233.71
-1961.93
-1163.76
-891.33
598.10
542.55
-308.79
1801.09
927.70
-2091.79
2258.10
1023.78
879.58
79.10
-214.24
-604.94
357.94
1384.68
-346.69
-801.99
-944.29
2055.17
2095.88
-244.13
1946.31
-1176.62
1247.11
-474.51
-2141.80
874.60
-515.03
124.49
1412.66
821.22
1733.16
-489.23
-1136.23
-1075.63
-1188.15
2291.46
-667.42
-1430.05
815.25
-2287.85
1149.05
-1899.00
-392.79
-993.01
1985.68
1760.52
705.00
-1458.61
1315.68
300.88
797.26
762.00
1624.26
-455.63
-2212.52
1982.46
-2081.03
-227.54
-393.05
1831.63
-1906.33
-1159.88
-1157.60
-542.56
264.48
154.25
-751.09
2097.06
1224.21
-2435.85
2309.22
-126.74
-1834.84
-583.58
1380.25
-2349.16
-1323.06
-414.75
-1307.78
2492.63
2386.14
1989.49
754.62
1510.40
-966.14
1042.11
992.86
-547.17
-1685.44
-1900.18
-1215.54
-1091.77
-560.07
126.86
865.67
2204.42
-2218.88
-2385.42
1801.48
1505.32
-2321.27
1610.70
-1121.42
-1656.11
-1472.88
-2241.17
-1505.27
-295.94
-155.91
-313.05
-303.31
-269.78
-823.56
-2048.69
-1259.38
710.30
1493.42
2233.49
-2336.88
2307.98
-2166.69
-1052.41
-1283.79
-226.76
1574.45
2081.89
-522.34
1855.57
2196.47
-1220.86
860.89
2375.20
-2110.16
2239.47
-1780.91
-1083.04
2498.30
-786.19
1121.03
-157.61
1400.76
-1682.29
2072.61
-1922.80
-1230.97
-1686.77
1287.50
-2237.56
-1953.28
1450.62
-2429.58
-1619.97
-2101.79
-1213.37
653.27
1972.66
-1631.48
-2369.06
1328.23
-1935.01
-1089.92
-310.88
-2059.81
-700.08
-571.41
-1340.72
716.88
-573.11
373.09
-662.10
1769.27
-726.14
155.62
1341.88
-148.94
1424.64
2155.12
-1361.45
1687.09
-2298.16
-2410.82
1757.51
-1418.13
-2012.61
-1955.86
1735.15
2460.05
-1087.34
1866.08
1288.27
-522.35
-1723.84
-1522.61
-82.16
76.08
405.98
1077.12
-1707.04
2332.87
-1049.79
130.86
1602.14
724.06
-2213.52
444.02
-1924.88
1711.13
99.14
-786.33
898.21
300.98
-697.15
155.72
1382.86
-209.76
699.86
618.01
-249.71
2112.52
-15.91
-1461.44
-909.83
760.25
-484.05
1508.01
-1663.67
2421.93
85.13
-870.71
2254.80
1535.33
1760.16
1356.94
-240.60
2046.64
-699.04
334.52
1257.77
1900.10
2048.19
-344.01
-298.91
-1148.96
2311.71
-1416.06
1141.28
511.57
1701.95
-1608.43
124.10
-813.96
-569.87
1714.27
2446.29
1446.08
722.28
-1717.37
1368.01
-1692.59
-88.08
1122.81
2342.75
-827.92
-20.25
-397.86
-1281.28
1780.71
2436.66
2476.49
1180.81
1984.85
-367.52
-1618.11
-1664.11
-555.81
-534.16
1977.18
2455.76
-1332.21
-2131.26
79.86
353.82
-201.12
-705.87
300.12
-1255.04
-2483.59
1082.74
-2387.03
-1676.18
-1505.34
1235.78
-1833.43
166.74
-1284.47
268.71
1385.46
-2003.76
205.37
1361.96
1677.05
-309.78
-1505.56
-2441.06
526.12
438.62
-475.22
3.29
394.38
692.56
372.04
-2025.76
-1453.61
-2329.09
-231.63
1346.51
-1084.13
-215.23
-70.75
-971.15
608.60
923.91
-2235.37
1275.17
-1409.35
-1019.84
-956.12
2476.12
-523.60
1749.25
1338.08
-1346.55
-1060.52
2332.51
-1287.61
1965.59
271.14
737.17
-531.11
-1834.48
-1070.27
2340.92
-1360.24
-23.88
-2488.16
908.13
-1177.38
-1072.29
-1807.10
1251.87
456.56
1301.50
-324.22
721.19
76.66
766.44
2201.36
1620.54
742.55
-822.24
869.79
-419.37
331.20
2309.27
-586.86
1543.59
1774.86
2184.28
-219.24
-1256.25
-2150.20
1210.49
-1415.32
-1010.44
-1313.39
-1403.49
2397.69
9.23
24.23
-1909.41
-1238.90
-2019.21
1892.09
936.89
1201.98
-531.25
-796.68
903.34
-1410.71
2445.87
-2418.91
1959.09
-473.50
412.30
1768.36
1439.64
-544.11
1043.22
1123.92
1736.65
2286.97
1473.72
447.14
-1628.35
-2036.72
1633.74
-531.84
-2139.03
-857.03
1992.39
-1548.44
404.08
2473.18
-2156.36
-1159.04
1175.16
-187.61
544.28
-421.51
901.69
490.16
-340.41
360.77
-2483.34
-2428.11
-370.87
1456.30
-472.22
-1827.65
80.23
-1235.58
-2040.68
-946.05
1711.56
-1169.03
-482.76
845.30
799.13
-121.79
2488.27
291.52
829.77
392.35
264.69
1173.41
1733.31
-1060.15
-1514.20
-222.40
1018.34
1887.49
-2232.24
-1822.07
-251.74
-2215.58
-1750.18
1877.39
1740.72
277.59
-2450.26
-679.05
1542.02
-1990.94
874.90
753.58
-659.97
-2107.86
-901.12
-2360.84
270.34
-912.84
430.68
-1399.89
1979.51
-1804.62
2273.52
1212.82
-364.77
-1740.68
-1509.58
-1846.43
-2353.19
-1241.83
-1168.50
-104.93
-957.41
-418.68
-727.54
-1716.69
2358.92
-677.80
104.26
1400.94
-168.73
-1520.84
-345.48
1671.30
-1128.71
1253.40
1810.46
1641.63
-2159.45
-258.85
-2258.26
2320.06
436.52
-2484.74
1032.88
-2428.25
-1725.41
2023.29
-1774.68
-1578.60
-1718.54
-443.17
816.48
-175.95
1638.15
-2411.06
607.36
1497.07
-588.86
-1788.38
398.00
1742.41
-809.23
-2447.48
913.71
562.07
1305.92
224.17
-296.30
1646.47
2465.32
-54.56
1466.53
401.84
-39.29
-0.60
473.59
735.29
-477.31
1198.92
1656.69
304.16
-1744.25
-26.83
-2371.79
2393.90
62.11
735.57
1390.97
1973.26
1447.18
-711.03
1215.67
-1862.04
-658.51
-370.62
1200.02
-1852.59
2353.55
-1596.28
2293.88
2318.87
849.17
1260.40
220.71
-1690.13
-1240.20
-1805.70
1545.17
782.50
1893.22
701.86
-1413.34
-2351.03
-1824.97
-1285.14
-2457.13
737.14
1950.43
1433.83
210.40
897.61
-1777.20
-1073.93
1535.57
64.29
1055.44
235.59
711.70
908.99
1139.32
505.57
727.86
-511.52
-734.03
-1551.44
298.36
525.78
-857.13
-656.47
-1191.72
-1463.91
-2454.61
-105.07
-1314.95
-1779.58
1109.80
-1272.08
1457.57
560.23
-2338.25
-832.04
-1042.16
-1615.45
594.03
-2006.59
948.84
-850.53
729.01
-839.46
-2441.54
-631.68
2166.11
786.32
1356.81
-1067.92
1734.88
-844.83
1957.86
-1622.25
998.69
-1733.86
-586.17
1044.08
661.07
598.89
1764.50
-729.13
1826.80
722.06
2331.10
1988.55
2390.03
-1211.06
-2126.90
484.06
-717.64
1321.94
2133.53
-2488.64
-2017.52
2192.00
-620.31
-2351.42
478.32
-1763.51
-919.34
-286.80
-108.34
-1461.48
590.95
-1609.65
-695.34
-2495.22
1934.43
2465.73
603.67
1198.93
-763.40
-69.53
-579.01
-932.30
-580.97
-688.98
356.64
-207.87
2295.08
2139.00
-1385.93
1928.62
2150.36
-903.46
1620.61
-969.95
-754.87
-401.07
-233.46
825.79
1812.13
2158.20
1864.32
-96.92
-1951.45
-1331.03
-92.14
2482.98
-1365.30
-1988.47
1181.91
371.30
442.00
-1897.10
1939.00
2361.03
-86.08
-204.36
-346.84
-290.99
-565.36
767.23
-862.38
-915.00
2363.77
-1741.76
615.05
-891.10
357.16
-2118.41
2434.69
-330.71
-2460.21
1799.01
2072.37
-1911.65
-2032.02
-519.77
-1928.67
-897.32
-8.25
1753.23
1973.99
-2066.24
2356.14
1412.99
-2205.21
-229.94
-1291.37
-52.05
1979.07
643.27
-1784.83
-1383.31
2228.27
-1921.06
-625.07
343.32
-312.16
2232.09
724.92
-377.46
-598.62
764.71
-1078.46
-1026.25
1353.06
-610.47
953.97
1924.38
992.21
-1554.27
1177.62
466.20
-1120.52
1033.75
-620.81
-825.73
-1696.19
587.81
1622.22
-2217.12
-1268.92
2337.39
-1100.43
-1540.64
-2083.67
774.50
1302.68
104.18
506.59
-472.41
2226.71
2407.97
-2207.69
-1351.74
-1118.29
1645.36
537.79
2335.68
1069.75
-970.00
-1718.59
-252.64
1996.20
-339.11
-1718.89
-1124.62
1335.16
-915.07
1963.20
457.38
-632.19
-1805.72
294.77
767.38
-846.36
711.11
-958.13
-2043.68
-1684.71
2048.46
-16.09
-1958.00
1956.43
276.22
-809.74
-1661.86
-578.42
2228.05
-1826.18
-2008.68
-1241.95
-1044.77
238.69
-1745.76
1116.12
1019.80
-370.38
-48.71
-2395.27
-907.18
-2091.33
-527.47
-212.90
703.45
-2260.09
1440.74
-1085.44
-718.22
1897.05
-270.16
-1169.76
-619.03
271.84
-1713.33
2157.18
1962.10
-875.19
-921.24
1690.15
-201.37
-429.91
-2051.80
1253.86
2308.77
-1297.56
-130.02
828.58
832.06
2321.27
933.30
2424.88
-2270.05
-2094.16
-288.02
933.39
-1854.26
-1347.28
2347.95
-72.48
-1950.23
-422.21
1257.76
-69.26
2349.63
2044.43
-412.07
1811.74
-1330.77
1166.69
1001.89
967.86
-1763.22
1450.09
-278.28
-1954.45
-2347.47
2091.71
1374.13
984.59
1912.98
-192.57
909.47
2142.92
213.27
-1878.55
576.32
859.01
-725.83
424.26
-1713.47
-176.05
-2497.95
2044.30
2254.69
2351.69
1588.73
-657.39
1663.42
-2242.04
-1990.70
165.31
1225.82
-1253.92
-884.60
-1552.45
-708.37
-732.08
-1960.75
-1834.24
-2247.49
2452.23
473.19
1161.98
2095.15
-1813.54
1783.43
171.47
1545.47
-1442.40
-1904.26
2332.01
881.55
-1902.21
1876.31
636.23
-2050.53
965.03
2478.85
2112.90
1223.00
-2011.85
-221.79
-51.18
-765.77
1393.60
896.37
1025.86
-1838.48
1435.62
1691.63
-1585.97
1387.85
-335.18
2076.01
983.00
351.28
1359.44
-1345.53
-603.24
2417.04
-749.79
-771.23
798.59
-152.00
-1394.93
-1065.18
297.47
2070.11
-1086.33
-89.63
793.10
-598.18
2188.57
-1758.08
1136.05
1082.17
1638.29
-338.09
1743.70
573.91
-1146.46
-2342.27
-538.25
1018.36
2233.74
-2055.24
-1130.36
1093.18
-900.77
766.40
1010.22
849.44
2495.16
-691.19
-1802.56
-1399.76
743.63
994.91
-1829.66
2157.30
-1594.72
1463.45
-940.88
-1906.15
2205.37
-2304.84
1676.02
1343.66
-142.93
919.72
-582.44
1210.61
1077.45
1379.31
-271.03
811.19
1824.07
1098.61
-595.62
-1576.70
-634.99
-2085.40
1772.74
-639.83
-276.59
2470.18
460.41
-2032.96
965.09
1130.75
-2375.66
1870.36
94.20
-816.54
2464.22
-200.44
-621.38
1640.24
-1356.78
1735.69
59.96
560.78
446.30
-1362.59
-559.90
-2324.73
1948.61
-1235.83
1273.87
-1147.02
-312.53
-1861.12
-732.42
-1039.79
-0.95
1490.99
-1069.62
-2040.54
1958.03
2395.47
1590.21
2082.38
1765.84
-815.60
-1234.16
1730.05
1483.97
644.46
870.29
-2372.81
-119.85
-1569.75
687.97
-2173.55
-432.33
-2371.94
-1998.28
-983.73
-1107.77
1775.59
369.25
1079.69
2414.47
2136.83
-2460.10
-86.48
1127.82
-1029.72
372.98
585.86
-1134.25
-536.82
168.24
-1868.41
1147.59
1434.07
2361.64
131.55
-421.47
731.93
258.74
1958.68
1662.18
-1553.30
2285.14
-1270.15
-1425.23
-2213.14
246.12
-33.01
2062.45
-1884.63
-1453.31
1976.93
-2247.80
-1413.41
-609.55
1380.03
56.87
2263.42
-534.11
1422.63
-773.39
2134.13
2054.22
-2125.81
1068.20
1915.86
505.75
-1853.27
147.79
-1735.52
-2394.58
-690.03
-788.81
2390.56
539.81
285.95
-2322.59
-1714.07
-2247.05
2239.87
-1098.70
-1200.36
1716.79
-846.50
-113.77
-1392.76
-1966.47
2443.10
-1629.34
-0.58
1365.73
97.27
-366.45
919.94
471.47
-1798.25
335.80
-1522.79
-1151.52
-2016.42
-758.31
-1046.10
-206.45
952.88
-1155.55
-2166.64
-1261.17
-978.14
-1380.71
-1008.23
-1238.27
20.60
291.41
-2021.48
1674.10
-2322.37
-914.24
2207.63
-2379.27
-43.58
-292.95
1486.46
-2446.30
1840.60
-93.60
525.16
-2457.66
-2257.80
1502.37
-1109.18
-1774.22
-1755.94
344.72
519.33
1696.94
1689.17
852.70
-2064.23
-1788.97
1971.99
-572.46
-527.24
-507.41
2218.95
-48.71
-1333.31
2396.59
1537.05
-1625.68
-2482.68
-1006.53
581.37
1503.78
-952.83
-78.03
-1089.82
2072.33
-35.68
-847.62
1074.70
1355.14
-121.84
1818.76
-800.15
-2102.50
1015.70
-1610.98
1250.19
1451.47
-899.95
722.19
-1620.98
1072.82
-2285.23
-1902.03
-1475.90
-1118.54
-2005.45
-2438.85
-244.22
-1988.13
-945.38
-2162.84
2015.65
601.78
259.13
-1574.17
174.11
-2276.55
78.21
-1251.19
1578.58
2456.37
-1932.43
-1721.56
-2146.13
1583.28
-832.54
1604.06
534.75
767.51
-173.75
1413.77
-659.67
41.02
2011.73
364.43
1422.48
-2493.71
425.57
-1321.74
-1981.84
1980.19
-984.58
-2466.19
81.97
1774.55
-1540.35
-2243.92
1998.00
1037.86
-995.11
1076.58
994.23
-427.53
1855.02
1348.09
-1344.26
-1477.53
452.15
1690.49
1789.98
-2221.60
604.26
-1369.69
319.42
115.99
1494.73
-758.10
122.28
-579.69
420.16
640.44
-1099.50
1935.58
674.26
1482.47
1210.14
1633.90
1738.56
708.13
171.76
-1756.55
-715.29
-1334.02
315.91
-1360.27
-2485.92
1471.66
-337.80
466.23
662.15
-1047.82
744.63
-1233.60
82.49
-1435.96
1382.39
-922.77
305.94
-995.33
997.53
-1773.90
2145.12
2398.03
-2338.31
319.37
1380.50
1371.82
-546.72
619.06
-420.04
2125.03
1362.51
1364.67
-1708.98
-821.58
-2495.61
-1694.90
-1849.93
-333.41
1271.33
1312.22
1118.78
-484.04
-2421.38
-1298.73
580.00
1461.02
278.49
-1614.06
-2034.31
-1223.97
-887.95
-2389.20
-1325.94
-726.27
430.18
-2445.44
-1854.44
2383.45
673.61
225.51
2008.49
-463.88
-909.82
-2200.49
1214.54
-905.43
-1395.39
1864.61
1261.17
2375.93
676.83
-120.06
-608.11
755.45
1081.21
2471.89
-283.53
-1140.30
-1642.17
182.16
135.73
-30.12
292.96
1309.78
1743.61
-1776.86
1364.34
2389.17
-1893.41
-462.04
114.68
-2384.92
1574.07
1704.86
-2085.41
288.61
-1700.57
-980.80
-346.78
2060.60
-1104.87
-2169.95
-559.46
787.02
1085.51
-1978.25
758.91
-1698.02
-618.54
1616.74
984.14
2017.18
-913.38
-1222.90
826.97
-1669.77
-499.76
-308.69
-1780.61
106.83
1729.27
834.07
221.91
803.34
38.93
636.50
-1408.05
838.36
2155.70
745.17
398.96
-1449.17
1075.23
2339.50
1837.84
-339.27
-2138.75
96.75
462.71
-257.29
-786.51
-1053.15
-740.11
800.10
223.94
-2413.14
1630.33
2224.18
-221.83
2349.72
-168.99
-992.56
683.80
-2447.07
2310.77
-1777.27
689.43
-1597.28
1561.09
345.13
1647.90
-539.95
1395.96
223.12
-700.45
733.80
2383.85
-339.20
-1669.45
346.56
1903.51
44.04
1793.41
-1336.60
-1655.85
-482.65
-1249.74
2474.48
-758.46
1028.43
2324.20
1572.55
-2464.13
508.00
1625.47
2346.64
1230.73
-185.09
-1750.63
291.82
-2339.96
2397.27
2251.86
1555.99
120.39
-948.59
-210.20
4.24
1212.21
620.35
-2149.19
615.72
-1835.61
2144.22
1779.12
-991.46
-838.43
-1970.61
-1016.99
903.11
1557.82
-1192.79
-24.35
1593.69
1815.21
-898.87
1440.33
545.93
1416.04
2189.70
-1662.25
1576.07
2086.97
-1910.39
632.06
-292.65
-358.97
-2078.14
2211.59
-1646.76
1042.21
-2437.60
1468.96
1706.60
2206.62
748.09
-1784.87
-1131.81
1277.47
-301.86
2271.29
335.29
1005.35
-253.05
-571.02
320.56
1348.08
-1630.69
-1633.50
264.11
-1940.99
-795.76
-659.82
-2354.03
-206.14
2472.25
-146.67
1934.89
-2105.89
-435.08
-2211.87
1436.32
-372.68
1757.09
642.91
-666.06
5.18
1358.05
702.13
-1217.35
-1443.81
473.42
1617.94
2061.55
-2279.63
-1453.09
-117.89
1568.45
-583.78
748.60
-667.44
-24.77
2452.85
1172.74
121.20
-253.29
1144.99
2474.53
-818.41
1539.10
-460.55
-530.28
475.41
1666.77
-1273.19
-1381.67
-1499.29
1231.98
2476.37
1702.84
-2485.37
-1467.44
-323.74
1632.56
-1905.89
-103.37
-2320.52
476.22
-1034.92
-404.30
-1275.18
797.64
2070.93
-1322.33
-529.62
-307.87
924.37
-1884.63
-333.35
-2394.03
2154.47
1706.10
-424.32
129.88
872.87
802.49
1248.21
1873.58
-465.53
1224.58
1076.41
-450.90
2257.14
-1747.33
-1318.34
-2148.75
649.30
-1138.86
827.47
2114.38
956.84
2052.29
412.02
527.76
-1770.04
2382.40
-2280.11
1654.34
-2002.23
-113.46
1760.30
-2347.76
-907.36
-1164.02
282.12
2465.51
2138.47
-969.67
1839.09
-827.06
-2245.09
415.51
1222.04
-2487.95
1168.18
2403.71
-2136.69
-682.52
-1235.15
1190.78
-1068.14
2221.68
743.07
1843.88
249.44
1473.03
1726.28
469.33
627.37
2224.04
-2144.13
-112.33
2376.28
-551.48
1223.65
158.40
-585.97
862.13
1688.73
-1246.88
-2464.93
1943.63
1668.63
1257.11
1955.69
336.81
1160.82
2318.99
2154.29
2425.66
1009.77
-1413.85
2147.34
-747.16
-2069.97
-103.21
-1774.13
2156.31
-2133.88
1353.24
1880.35
-1778.01
-1259.09
1756.63
170.51
2464.56
-584.97
2084.54
826.69
-1396.24
-1662.34
861.75
-1952.60
-2493.71
-381.14
-2496.92
343.09
-1720.32
2322.07
-2.62
-1794.66
831.84
1083.53
-2147.32
-2415.31
1513.56
249.47
-1689.44
1169.87
615.59
2163.80
550.22
1337.59
-1595.29
-193.15
-991.90
-1630.73
1721.88
-1407.36
1695.95
-2174.36
-569.70
57.71
-1626.96
-563.42
2176.57
-1623.88
2279.67
-2043.75
-1801.80
-222.95
-1338.41
1530.04
-1639.42
-985.72
1614.73
2374.14
1763.75
2425.29
1044.01
-120.66
2089.08
-905.77
-1283.07
-2006.21
1401.07
225.02
-1136.94
622.96
1317.66
-1940.99
948.60
-1752.04
616.72
1821.64
184.54
293.29
-2302.24
-35.79
749.54
-1604.04
2241.27
1911.14
2426.00
-1898.15
-1574.59
1540.72
-2024.00
-2310.84
1466.01
1520.01
68.50
1055.09
-1885.77
1285.43
1548.89
2015.31
-989.55
-2088.06
138.26
-2171.89
-1529.04
-1413.13
-1423.93
1587.68
-2091.49
1260.60
-619.03
-1893.73
-1275.18
-2369.49
-997.77
-1533.91
2041.65
-1071.77
-932.06
-2032.94
-2031.05
-456.06
-1843.78
1934.96
-1436.06
724.72
490.05
-821.83
-489.85
-461.06
-1306.52
1020.60
-49.12
1331.75
1348.70
921.84
2418.61
2424.77
9.52
-2172.88
1185.37
1890.49
-1566.61
2410.19
2021.00
-64.38
-1623.72
1562.65
1363.85
-55.78
2029.71
1832.80
1988.15
-2314.07
1267.76
-1947.90
910.65
-742.19
-269.73
-2079.21
1296.75
923.75
1441.39
-1252.36
-244.50
290.09
2169.48
-325.89
214.86
-321.00
1.23
-1099.76
-930.52
934.63
-1189.57
-1409.52
-1629.75
-313.29
-2346.87
2234.10
2130.92
2182.83
1566.90
1619.08
2368.76
334.66
2171.18
779.40
2092.47
-598.55
1200.19
889.22
-2174.80
141.58
2136.86
80.69
-2068.33
1806.34
2254.81
646.53
-1014.67
-243.96
2046.77
554.81
-1809.34
-1642.80
1645.30
-939.09
543.90
1798.42
-1204.99
174.83
1481.26
-2138.09
-706.09
1350.01
696.57
-1034.92
-370.58
289.04
866.53
-1670.39
-1321.74
1191.73
971.19
-1684.88
-1227.58
1402.86
-2378.54
-1472.77
-450.60
-893.21
783.27
-903.83
2161.61
1473.93
-46.63
1306.90
-1965.16
-2002.73
605.33
-670.15
672.10
-413.42
-308.24
2466.01
-1563.41
-2111.67
-1068.91
566.01
677.36
2297.62
1395.62
1855.62
989.35
-133.19
-2329.26
2261.77
-1230.33
-2207.80
-1711.00
819.07
-601.01
1572.27
2415.24
-939.40
546.20
-131.39
-2132.50
1081.04
365.88
972.83
-2089.11
-1462.02
-1940.59
102.65
-1496.01
-1004.00
490.98
-64.91
2062.01
-1331.66
-267.29
957.63
-1976.04
-1777.94
-1675.56
-1805.29
-2016.17
-405.89
-1513.09
-1227.17
-2086.82
385.90
-2154.90
-2171.58
1946.50
891.29
197.03
2314.00
-527.67
-1937.09
786.83
-116.78
-899.10
1346.23
2485.87
104.89
-2157.77
476.85
-2460.02
2404.24
1645.19
-227.31
861.87
2169.15
494.75
1686.30
-2136.14
978.59
-1219.59
-1149.23
2251.42
-806.41
1736.67
-2403.48
-477.98
1183.17
987.81
2219.05
997.17
-2039.86
-2218.04
-716.00
343.37
-617.14
-1869.77
329.24
1987.75
-1527.53
-1693.91
2027.73
-1623.29
2451.28
-699.58
1738.58
2120.43
2295.17
924.88
2484.29
773.76
2205.30
-1164.94
525.17
-1101.11
-1928.28
621.69
920.91
1754.89
-890.50
639.96
252.06
-430.35
921.92
2036.06
2413.01
-2195.22
-2333.70
242.25
2292.53
-1361.24
1048.34
1820.26
-484.52
999.62
-1379.32
-1245.94
620.05
-1584.15
2178.94
604.34
1689.60
1884.24
1939.39
-285.22
-1716.87
-2488.88
-2163.53
1704.04
1766.01
-554.03
-156.00
-481.93
1515.62
-1734.08
-945.86
1428.63
-1429.30
-779.57
-829.12
-1636.78
359.20
-2280.78
-2316.52
2374.67
1218.84
-1195.84
-1371.27
-661.11
-280.00
-1692.33
2443.23
-1090.40
-2308.09
1882.62
1124.38
-1524.96
1893.74
1460.84
-2320.92
1159.75
-1593.18
23.07
-1822.18
2422.43
788.99
-268.04
1351.06
1859.68
1452.39
-1978.06
-2277.09
-688.41
-1758.84
-2093.61
-813.74
1960.00
-789.46
314.98
-1201.11
1430.55
1122.65
-1257.88
-2159.85
1314.56
-1875.26
1464.53
2289.60
-2481.52
425.37
2468.67
1178.23
1332.19
-8.25
1856.06
1254.62
-1719.27
-911.98
105.68
-2359.58
-1959.59
627.62
-2136.68
-148.01
1368.77
-1730.29
1538.25
828.77
-19.74
-646.76
2127.66
-1089.20
-2024.11
-1630.23
-749.05
1790.45
-1005.49
-1784.52
1580.05
-987.00
1140.85
1548.72
-2308.77
-26.97
-959.53
2047.29
-1272.35
-178.80
-1364.70
1333.33
-38.38
-824.29
-539.06
324.94
1527.71
-1670.29
1094.65
565.96
1658.49
-1425.09
2419.20
1286.14
-14.29
-2104.91
2155.92
1736.66
2185.54
-1349.57
2452.13
1265.58
163.43
1092.98
314.30
354.65
-1433.99
1854.77
-98.06
-206.34
-824.03
1037.25
-1373.01
1637.59
-2287.04
587.93
-537.47
1740.67
1417.64
-1942.82
-193.38
576.13
-867.91
-274.18
-637.73
1617.80
120.91
-981.81
854.46
-193.56
168.62
806.59
-1427.98
-2167.96
-600.43
1386.33
686.70
465.58
741.10
-1911.36
-2240.76
2417.07
1625.89
-1113.77
1554.66
1838.84
1974.15
-1482.81
1079.51
891.79
-925.64
-1613.87
-1032.08
706.45
611.95
830.19
-175.75
-1767.14
2348.37
-1821.30
539.30
16.99
1485.29
1611.33
349.03
-1615.14
497.65
-1464.27
1350.45
-1261.24
-875.63
1609.69
-1344.17
-1749.74
-2004.09
-2289.51
-2410.90
2470.07
-1272.33
1168.61
861.86
302.04
2054.74
2329.78
-1491.51
166.70
659.97
832.74
899.55
508.34
1511.44
-1061.14
-1974.67
496.73
-1949.82
874.36
1381.60
1047.84
1910.09
232.05
2286.59
-1465.54
-658.27
-1557.58
-715.28
-162.35
-1347.09
-626.18
-192.28
-119.42
-1957.57
-1830.42
-2317.39
-2402.83
-2000.64
-1308.90
263.86
1159.32
2023.84
-1336.58
-832.34
1035.28
102.27
-307.01
-967.99
652.45
-1932.64
-2086.39
-799.71
2477.45
645.66
-1013.12
-1488.08
2487.39
-70.70
296.63
-174.96
1082.20
2170.45
2132.76
-1537.22
-2287.12
-2197.67
-1354.60
-2189.95
-1698.31
-163.50
573.91
1961.01
-639.66
1737.33
-1371.32
-2104.38
-660.40
821.67
-572.37
2492.06
1389.03
-158.76
-807.65
1366.48
-2013.10
679.23
2378.40
-2025.71
-1891.47
175.03
299.33
1690.73
-154.52
-67.91
-2346.48
58.37
234.42
-1201.09
368.41
1036.11
1135.41
-1557.67
497.13
-2004.25
-2320.34
1625.81
-1608.63
-480.74
-52.52
319.00
-488.68
-1163.49
-2339.76
1203.67
-2297.01
-1852.86
-617.10
-2418.61
-1378.57
-8.58
256.42
1420.76
-817.84
-2398.09
-1147.15
-664.33
160.27
1587.28
634.58
-1971.31
123.39
-730.00
-1028.99
-1879.48
-234.25
-849.33
2246.33
657.11
1169.93
-306.19
-1523.89
-1818.75
1030.32
-1363.65
1884.92
1233.31
-716.51
-1232.19
1314.70
404.92
1259.24
-928.88
-674.31
-2058.61
-826.97
678.54
-222.93
1833.30
-234.18
-2088.35
2361.99
2389.21
-318.35
-1167.00
-1990.28
1947.39
483.67
-2243.95
104.51
-846.40
-50.14
1080.62
-165.15
-1519.82
2216.97
-780.24
2213.49
-999.53
487.58
1028.19
1905.39
-753.19
-2400.69
-1268.92
-311.79
-727.66
1909.62
1965.27
-1394.36
-824.56
2376.92
-1532.37
-935.36
-441.43
-199.38
-425.63
-994.04
-2215.71
-169.58
1610.47
-562.11
2280.28
191.09
1772.73
-1739.55
-91.93
-1507.50
-2026.06
1408.53
1480.08
1502.13
813.92
-1773.11
1601.44
2045.00
415.10
-1626.22
1454.62
-119.63
-520.58
-1869.95
-242.70
447.04
-305.30
1815.87
-2252.33
1769.07
-1678.17
-1968.04
-900.51
2432.31
-30.16
-1120.24
123.40
-757.42
-359.79
-2468.53
235.07
114.15
1440.00
-784.85
-883.72
-246.08
-57.96
-1782.29
-701.08
-2142.86
-908.51
-1746.46
237.51
1070.90
-1116.41
2494.81
-982.06
1078.29
1810.68
-734.39
347.36
-2367.49
-202.44
1946.84
-2435.18
2267.41
-1673.40
188.22
-990.02
466.82
219.68
1745.06
-1919.03
-840.32
-1539.79
-302.75
1413.60
902.25
414.96
-1787.48
1259.39
2006.45
-1033.94
-1003.09
577.35
349.65
-1008.28
2095.29
-1072.05
-1697.61
-1139.10
1775.30
-1565.09
1158.47
1222.15
-1500.28
925.88
2048.75
1187.94
2435.86
15.57
-1092.38
1680.92
596.54
567.30
-2358.87
-2206.21
-519.09
1043.38
708.75
193.43
-197.23
215.19
1659.49
1299.68
-1707.46
-490.85
-2208.61
-2112.16
937.09
-1406.21
-751.26
212.40
-471.31
-2092.79
-1065.46
528.41
1333.08
-1516.71
-783.65
1268.94
998.86
623.98
449.86
-904.60
-1308.72
590.99
-610.81
672.19
-865.63
-2402.06
-1634.38
1437.14
313.13
-2474.89
236.82
1105.67
-465.74
528.21
1493.51
-2028.65
1622.00
-1757.75
683.75
-1349.31
-1350.55
2118.29
1679.11
2482.54
-1898.41
-1604.54
1251.48
1600.45
1519.44
-798.65
-1804.14
-2289.28
2292.34
85.05
882.90
-1073.29
182.98
1748.52
-2136.15
-2003.89
1773.64
600.67
1601.78
-1192.10
-1371.12
595.29
-720.75
-2249.12
1337.53
2463.00
-1098.43
2486.99
2081.29
-1919.32
2469.53
-2317.12
-1023.86
1221.01
1783.33
-2004.42
-2077.64
2479.19
-1793.71
-2285.31
64.24
1589.20
-858.60
-2252.78
837.72
-494.75
-1756.67
111.36
-2394.08
2345.11
1419.25
-1265.20
440.40
-1801.50
-1014.32
-722.07
-1838.50
387.25
-735.08
-2257.21
967.94
-765.55
-2074.33
2444.08
-2044.54
2209.01
-2060.34
-1622.18
2188.20
-1354.05
-1407.48
-247.57
-2264.85
233.92
-0.35
1072.87
2239.17
742.98
-1315.77
2345.09
588.09
-2396.52
-1420.11
-1471.51
-1698.02
65.57
306.43
-1036.52
-2047.18
2071.35
-793.72
1420.76
-1194.20
-368.05
1364.83
-738.73
-659.04
1804.49
139.09
-970.85
-2049.56
1231.61
1281.59
-1814.41
-1034.48
-1218.76
1758.46
-1295.31
2024.22
-2057.31
-1450.23
112.31
-1953.83
-370.34
1140.81
-1151.84
2195.23
-1052.76
311.64
-2351.95
-1481.41
2017.92
1568.80
-175.61
-850.13
433.64
1585.66
990.83
-261.87
-775.25
-2480.02
188.57
-2043.64
1301.57
874.16
-578.12
-2417.20
132.62
626.57
2107.02
575.31
1676.34
-280.66
1121.48
-1194.00
-1639.86
2469.64
-1498.77
-192.62
281.28
-1350.73
825.97
-200.81
-2281.92
-1849.64
1449.06
651.71
2236.02
-60.11
-2110.16
-1039.23
-40.13
578.41
-582.87
-1238.57
-1047.43
1339.00
-1155.76
1585.19
-534.43
-1548.74
-339.50
-1358.09
670.60
-1718.02
-52.08
1530.74
-1748.39
949.14
-1161.88
1032.89
2098.42
2164.09
-1667.92
2316.49
-2185.55
2281.14
468.21
-2449.53
-278.97
858.05
-988.77
2180.90
-1063.54
928.36
-1557.66
389.02
-232.64
-213.43
-525.79
1732.94
737.83
1634.71
-2125.15
-1091.57
2416.68
322.77
-2060.82
-1831.71
-1228.09
-722.70
1701.18
-1629.67
-1058.61
-2466.74
-1813.18
-744.17
2314.40
1155.03
-693.70
-464.56
-486.92
817.53
-783.66
949.54
-754.11
158.67
-1161.44
1513.26
2445.25
812.77
746.20
683.08
-52.52
1121.05
2091.51
-135.84
-1056.19
-2469.31
532.45
215.72
-692.01
-266.37
1086.05
749.37
-233.11
1772.87
-2494.79
-418.70
427.89
-688.49
1616.73
2440.97
-2370.96
-1666.93
890.51
-625.06
991.74
2229.07
-1611.80
936.99
541.84
1634.39
-879.93
-2010.69
255.44
-1288.42
353.47
1699.25
-1257.73
-1614.08
-585.03
550.26
619.55
-1998.99
-1200.37
-2113.55
2273.88
-1195.16
-32.26
201.77
616.35
-915.52
142.74
745.39
-82.45
-1466.75
-2379.67
-1590.71
-1737.68
-1491.47
1846.28
1304.16
-2357.08
-1533.65
1793.47
398.36
-322.06
-353.06
-402.39
920.21
532.87
1512.57
-1029.53
-1347.58
2013.59
270.10
-961.13
1787.47
1574.95
1506.61
-510.76
-308.70
-1908.91
2131.98
-2063.31
508.64
-1834.76
-1942.98
1417.93
-1072.45
-934.45
764.21
-2268.29
-791.53
1730.57
2025.18
2106.83
-1091.50
-827.88
-795.57
2328.71
2204.99
-1782.99
-1200.81
-1642.59
-2269.40
1569.29
-103.72
2018.06
644.23
-1097.11
-992.70
-2164.47
-506.02
-1360.71
-1727.78
-2497.39
-695.48
-1170.76
1420.54
732.08
394.79
-315.25
963.79
2103.26
-1084.68
488.97
1710.08
323.82
2161.09
-1585.48
152.53
1866.08
-868.47
1451.72
-2276.51
-637.88
521.01
119.77
-1119.82
-1334.76
1522.66
387.48
-999.23
-1483.36
1526.77
-227.01
-1480.75
-1668.71
1102.23
2439.79
1563.37
-1002.98
-375.46
27.15
-1399.72
1039.86
-1983.88
-2189.63
-1136.32
-2322.79
-1275.12
1516.21
2043.29
356.41
467.93
2266.79
2218.53
-1511.06
-113.44
-1401.28
-345.82
-1090.78
1486.20
1154.95
-74.13
512.97
-1572.05
945.12
1344.26
2030.18
884.91
407.63
-1472.80
-1990.55
-2065.22
-372.52
1549.31
-1549.10
-62.15
-2087.01
-1371.89
1162.73
1929.20
-1828.59
-980.86
-102.87
-2061.80
-1262.32
886.07
324.76
-163.61
-1959.75
1733.98
-1177.41
1695.21
-840.15
1835.56
-2376.85
-2395.04
679.82
2153.33
989.87
-1412.55
-1819.47
1499.33
-977.77
308.02
548.64
-26.86
-2254.13
961.63
1101.25
1408.60
390.84
1772.66
-2072.26
-2212.03
2210.86
-834.58
1174.04
35.61
1501.81
1714.29
-730.41
-2175.60
909.50
929.44
2159.96
1032.65
1034.40
339.79
685.98
-475.72
1427.24
1366.51
-1476.39
-2050.53
-825.47
1572.25
422.61
-579.60
33.88
-976.14
-1671.00
-2075.28
-1703.48
-1243.26
-1787.31
-1992.62
422.16
1886.73
542.99
-576.03
1101.02
2312.58
-251.62
-489.48
742.02
-591.66
-1956.84
-723.57
2248.13
1229.14
1300.71
1175.36
95.66
2324.31
1624.84
1770.19
1396.56
-452.55
-1309.41
-1069.55
1071.31
-480.41
-644.84
1867.83
776.33
67.85
2375.21
-1301.51
-545.43
418.20
622.47
-1944.41
230.78
-2129.16
66.11
-1527.20
-220.82
609.27
249.23
-472.69
-661.58
-950.06
-1797.33
1934.08
-1125.75
2327.51
1204.27
-2229.18
-625.04
2394.86
-798.74
-2053.73
-585.55
1056.42
2314.10
-2309.22
-1375.73
2189.31
-1110.73
578.85
107.50
2011.73
1134.44
-2161.71
2382.58
-1299.45
-1188.91
-338.24
1809.82
1560.32
1689.06
-1351.76
-1889.74
2391.74
-1917.68
-515.49
2219.24
1786.59
-244.67
-905.80
1681.45
1456.59
-459.53
-1404.11
13.01
-645.44
-1213.33
1137.28
-956.13
175.94
-783.87
1651.38
-312.33
-2149.43
1989.66
-429.75
-948.88
-1699.25
1732.01
-1639.06
2361.07
921.07
-490.81
-2028.67
812.81
91.51
-44.16
532.05
-621.90
2211.17
2126.25
-1440.45
1167.75
-833.28
-344.56
-1319.24
1021.28
942.11
2318.04
-2434.84
-1381.95
-965.83
1716.53
805.72
-615.26
1206.19
-2124.03
935.86
2006.95
2107.97
1796.80
1868.02
529.05
-1194.01
2339.35
-1158.15
1397.49
-204.80
1873.90
-1724.41
-493.64
1500.16
-664.86
-1825.88
-1833.12
1490.58
-645.12
1688.16
-67.31
-827.08
1753.32
1050.74
707.09
969.85
-643.54
-2408.17
-323.96
-267.57
1027.69
-817.01
-659.59
324.50
-1448.99
2369.45
1630.48
-1609.64
-1288.70
527.98
685.56
-1914.79
1303.57
-2308.08
2085.36
-1861.29
-1633.96
-2247.76
2129.29
220.91
1940.40
-438.02
1893.84
1193.71
-1887.28
100.93
-336.44
-30.81
192.77
1839.60
2201.62
-1279.54
-1477.41
-957.97
1544.95
-426.40
-1088.52
675.44
463.97
122.78
-1296.58
-1350.47
707.99
-2493.01
-1158.55
293.35
-1854.30
-292.52
545.58
-2225.01
2428.40
-14.02
-163.03
1822.23
-1320.30
449.70
-576.84
843.26
-2081.12
2115.93
182.86
-2379.50
-1663.61
1205.46
-837.47
2381.34
-1720.94
574.00
556.78
1243.03
-1803.22
1760.20
2392.55
1404.77
1767.18
-1266.00
-801.88
2412.88
941.48
2243.70
-2312.13
869.88
-270.32
24.84
192.11
909.38
-2025.46
2115.28
-747.37
-1606.58
1731.21
1935.50
-1486.07
-2432.40
640.95
176.46
2448.94
1420.01
-1749.54
505.72
163.04
-1052.76
-234.08
55.59
-2147.99
-966.90
1289.59
-449.87
-1054.02
-268.93
-706.17
-866.15
-1899.05
1523.51
1658.70
793.06
-67.11
2133.23
408.34
1685.52
-1973.34
-360.45
1121.02
-959.41
-292.86
-738.03
1717.04
-343.92
-1818.02
2467.50
-2338.20
845.02
-1085.26
-72.28
-1599.38
-733.24
1460.82
2190.21
1316.89
-2093.19
-578.72
-1889.29
-459.34
22.23
2134.22
-1300.64
-1684.71
-432.89
-1667.41
1223.63
-1247.37
-1140.75
-1636.82
2373.64
399.83
570.32
-864.39
-383.13
-2273.60
-182.41
-415.63
-2111.80
-1837.39
999.12
315.92
-936.77
-2234.12
-723.26
-1246.57
1582.76
-316.45
674.72
2193.47
1724.21
-1803.05
1827.70
-2076.44
-987.76
-1105.20
-1243.84
-2264.13
147.43
115.40
-1400.95
21.07
-1984.76
1669.37
1656.68
132.11
1895.76
-1025.73
2216.49
2283.96
-363.12
715.61
99.88
1200.11
981.48
1876.62
2453.55
64.24
-939.83
628.26
-242.29
-1715.62
1325.21
-914.59
-1292.06
-2162.55
480.21
-35.90
-1926.68
-1872.36
-2420.50
-827.64
648.71
-1905.26
-1658.27
-194.61
726.85
-2262.51
1279.67
443.34
-2478.54
-1583.45
-1341.05
121.34
2116.66
2140.43
-502.04
2070.21
-295.33
1058.13
198.47
1962.39
1842.51
-976.33
-1452.21
-1949.54
-638.88
1528.01
514.55
-65.56
2155.65
594.06
1606.80
304.36
1188.80
2448.53
-2390.25
-584.35
-2313.97
1389.42
2359.00
-2292.52
2305.97
-1482.05
328.82
1922.63
-1841.62
2326.78
1492.83
363.05
884.92
-808.70
-174.57
227.43
714.98
873.23
777.89
-2423.90
-98.77
-1207.56
10.54
-443.12
1886.50
-882.66
2361.24
575.30
-934.13
2471.00
2490.95
-748.10
1360.42
2349.95
-540.62
1166.38
-1632.10
2288.20
589.01
-973.73
2114.99
-418.15
1889.32
499.90
1273.15
-785.25
-1772.67
-511.87
-2412.02
1505.22
-435.77
-10.78
-2202.34
2074.76
2046.10
2184.16
-1307.90
1907.34
259.46
257.97
1878.34
250.41
2009.86
738.75
100.36
-1030.76
-594.86
968.26
-1242.56
2494.15
2494.53
-1627.57
-424.00
1883.85
1372.33
-1650.86
-1401.40
2099.67
337.27
-1313.42
1104.89
2401.50
1175.80
1402.55
1976.26
721.90
1086.71
-1831.64
129.24
-1153.83
926.33
-492.42
1596.58
436.19
-2253.67
-803.06
1905.43
-348.53
-2334.80
-1837.12
-354.38
-2340.27
-964.69
1721.61
2043.58
-2092.36
-2429.25
-1857.82
-2492.70
408.03
-671.24
1112.19
309.53
-1995.44
14.74
-214.22
1226.46
-1398.56
454.14
-1144.30
-52.39
-1119.53
863.28
-955.81
1816.66
1109.61
741.13
1222.09
-1738.93
906.32
1884.97
406.69
1066.05
-1579.72
-371.70
609.62
-1172.08
-300.95
1251.80
-1164.78
-2392.92
-1919.44
2447.41
416.61
-1414.88
-37.86
-2297.61
2311.58
1063.59
656.53
-1332.72
-1488.81
2037.00
2030.56
55.38
1353.66
640.17
-1703.50
75.76
1401.24
1702.83
-539.27
-692.07
268.88
381.00
1436.23
-1621.50
1708.92
-1364.71
2130.30
-1955.86
-1257.63
-2289.14
-2008.45
1658.98
-1204.01
453.69
1861.37
-1392.43
-982.72
17.90
-225.15
28.47
-445.09
-694.59
-2416.15
-1591.43
2445.58
-1619.64
984.32
1346.82
-2416.82
-2054.95
-1845.25
352.06
826.05
2090.99
1230.56
34.97
-1773.73
860.86
579.11
-531.36
1071.72
1070.66
-1372.38
2367.71
-975.65
-2011.01
-1524.72
541.63
506.89
750.13
-1929.90
-2438.20
-2444.46
-1846.05
-1529.64
-2498.88
-965.69
1954.69
1347.94
-882.51
2399.74
2002.69
1969.55
725.79
1593.68
700.11
-1739.24
2319.95
-939.03
1339.87
-711.41
-2367.31
-89.47
416.21
-2499.60
1434.88
905.20
-1524.32
-523.49
-1087.91
1725.81
46.61
-1026.12
1781.34
700.57
-55.75
1782.46
2234.88
-601.07
630.40
-1147.63
-701.33
133.09
-1678.08
-2475.55
-773.24
1522.04
-1714.79
-953.29
-1916.99
2125.08
835.30
-1784.30
-464.39
-1248.49
-1783.90
-1529.51
2156.71
-808.22
447.00
-1431.21
-1582.41
-2006.39
42.68
-2301.07
1194.17
2486.92
1981.39
929.05
-614.15
111.79
2281.42
1184.52
-2255.12
-1896.65
1208.97
-528.36
2125.38
1994.18
1018.35
-2291.61
1619.26
-646.35
-1575.91
-1345.13
605.16
-859.81
-374.64
261.87
831.97
-2427.65
1330.66
1749.56
-1934.04
-1126.67
1948.49
1760.14
-1139.75
1429.89
189.19
746.11
-958.33
-29.39
-569.38
-713.45
573.96
-1860.40
1258.19
199.34
-2366.22
-223.46
407.73
1753.04
1630.19
1331.82
-2092.09
-264.66
-2027.99
33.27
2497.21
1303.99
105.63
1327.87
553.55
671.59
-2298.80
2.04
-68.27
-938.54
-1068.08
-2379.08
2307.56
473.60
91.53
-761.82
2260.15
-1834.51
-122.22
1018.34
864.83
11.56
-1705.13
-1227.44
-735.40
2425.06
-2395.62
-327.48
-339.60
-1923.61
2205.79
-342.39
1880.37
-188.58
-1514.52
-66.08
-2016.99
-1313.32
2435.96
414.74
248.14
-1132.12
535.66
55.70
1841.48
-1872.81
1793.88
1601.63
-1207.32
-828.34
119.97
2157.50
1683.22
914.84
-1569.94
-1552.17
839.90
-1465.56
620.35
-1999.70
-889.17
326.14
157.92
-1508.80
-2362.44
1143.40
925.12
-1879.43
2330.08
861.08
1035.30
78.22
2228.97
-929.04
-2366.09
1570.45
-301.85
1927.80
672.08
990.82
-1400.54
-1707.95
648.33
-2217.32
1706.89
1578.39
-1269.49
46.79
-2387.17
1850.86
547.09
-776.34
-323.00
-1794.99
214.87
-185.44
1848.41
-1360.01
435.12
1678.48
2001.08
-1029.57
-743.30
1730.04
541.39
-609.39
800.50
-2260.46
-1181.59
-1027.42
1230.36
-82.13
-235.37
-621.31
200.55
-1028.48
-1542.92
1431.06
1518.31
-1430.09
781.92
-434.59
293.57
-2041.08
270.42
-1991.56
273.48
-381.18
-851.57
-1791.39
-1202.69
-1350.50
-320.96
554.01
-2120.45
-2279.57
2444.62
1180.04
-2040.04
-1236.97
-2347.38
1690.32
1180.89
-82.75
-1430.99
-1118.56
1388.77
-473.92
-2187.49
407.08
595.99
1094.43
2472.48
-1610.44
1553.36
242.90
-1102.00
-673.16
2361.72
546.42
35.45
-1340.97
1695.92
2214.48
1713.04
2075.47
2434.91
1657.66
755.51
-2105.13
-2079.32
908.13
2085.19
1601.58
-1674.62
-1845.81
-2016.98
2214.14
180.28
-1704.47
121.22
-1723.73
1889.96
93.70
-834.17
943.32
-2163.40
563.82
-2229.84
-2301.68
-1389.76
305.60
-1142.65
-2193.83
20.08
-1929.61
2381.64
-45.01
2228.04
637.15
349.86
-2351.27
-954.72
-64.95
1750.31
-129.34
589.24
2233.33
-415.20
-1730.48
-1971.14
2206.02
-954.21
2418.83
-200.28
711.61
862.15
136.32
-1224.56
1132.30
334.64
-114.32
-1062.09
1691.99
191.85
1457.99
2262.38
73.49
-1087.02
1990.43
-1789.36
1762.84
2139.16
-244.08
-802.11
1389.46
2126.58
2287.13
1122.79
-788.62
-1943.35
1651.65
-1082.60
-397.56
1570.48
1217.12
-2185.95
-67.37
-1146.56
-910.51
-1435.07
1688.08
1475.17
2.84
880.07
-832.99
-1039.17
642.45
1740.50
373.82
132.88
2451.14
-363.34
-227.97
-292.94
1334.55
-1338.51
-666.37
1121.68
2284.29
1045.01
1678.33
1435.94
2462.41
-1219.23
506.42
1179.52
-905.18
-2060.95
-2467.04
684.31
-996.02
1721.03
-340.52
1506.82
101.10
1326.49
-2032.35
-1756.44
566.99
841.47
876.43
518.13
-2021.87
-1851.53
-2274.81
1812.68
-690.04
-441.18
434.37
-905.75
-1896.16
-387.30
-1969.81
-1933.76
893.48
1036.61
1745.76
2488.30
1475.66
1778.72
672.61
-2020.36
999.75
-2167.91
1986.46
-1399.14
1658.58
2454.11
-655.59
-274.43
795.58
-2279.15
-2256.29
1273.72
-1630.69
-2031.10
586.40
179.27
27.72
-1479.23
1773.52
631.56
633.47
2303.71
1197.80
-973.05
840.32
443.56
-984.75
-184.02
-277.72
2187.86
295.61
-1777.97
-2480.05
-217.93
-677.11
1678.53
-263.82
1167.31
-1095.90
-1968.23
1388.15
-852.19
1805.48
2257.46
-383.29
-108.11
-63.26
2144.43
912.66
-789.75
275.98
-953.87
-986.04
-1026.22
573.08
2354.28
1917.34
2088.32
-329.75
-860.38
1776.18
2465.87
-138.34
1796.13
-252.06
1684.55
974.65
1984.12
351.86
2378.76
-2484.11
-759.99
-973.43
1821.38
-1002.53
1143.27
-786.74
1434.21
787.70
-2374.08
-1855.54
-1436.32
-827.96
-341.58
37.47
2245.12
-487.30
-545.19
1833.44
1682.95
1094.43
1109.62
1648.82
-1543.91
405.75
-1103.25
-2359.36
-1119.59
-1619.12
492.50
-1240.84
-1603.23
2232.51
285.73
-2281.86
-1270.02
-1071.00
-568.60
-2335.81
2216.70
-442.68
-1691.35
-1719.61
1229.37
467.07
817.85
974.48
2479.76
-2227.34
307.93
1662.71
1367.10
-1082.45
811.53
2323.19
1823.30
2208.29
2463.83
-1796.29
-1910.84
456.33
-537.13
-1014.07
188.84
2248.60
-795.93
1418.82
-1322.40
1135.48
1583.00
-1605.70
-1807.20
2391.65
-825.31
1922.16
358.71
2492.54
396.65
338.48
-2234.80
-1795.42
-498.81
1632.30
-377.87
-2187.28
1455.49
-1054.57
-2478.99
1419.32
-350.86
-1889.83
-624.34
1612.00
-403.90
2064.49
1360.60
1300.18
983.31
-2461.80
-64.35
66.31
-1567.50
628.45
-42.04
107.19
50.62
-2183.32
99.72
-2052.74
655.15
364.93
-1348.16
-2343.65
-502.77
773.97
-2030.93
-1547.28
2219.40
-2009.92
2372.04
-631.47
-1399.75
-752.30
-1519.46
696.36
-1187.81
2341.14
-503.47
2295.50
2379.34
1932.19
-138.18
-1688.16
60.64
2319.78
919.02
-2388.74
-2363.54
-1481.25
-1941.48
791.61
1383.68
-789.64
947.96
-1619.10
2484.33
1417.03
-666.38
2203.73
1907.11
-794.34
-927.74
-1992.64
953.36
52.79
1203.72
2265.55
-106.07
-1799.75
2061.05
-226.73
-2367.56
-577.13
585.11
193.08
-757.35
-995.87
304.34
-620.89
22.88
862.86
-2329.28
-1093.45
-2426.78
1118.67
-212.54
-2442.45
35.70
1621.08
2261.27
-557.19
-1673.26
-1166.47
-49.83
1780.10
1386.32
-1346.11
1545.65
-1219.74
-645.86
1106.71
1053.52
-513.42
-1970.42
-861.37
2179.66
-227.77
642.76
-16.00
1651.34
-1834.36
-1653.14
1822.05
-427.80
-1579.92
440.72
1859.65
-1522.37
-2023.58
980.73
-1761.10
-80.77
1807.47
-427.57
2369.41
1087.57
-1541.24
-1476.70
133.22
-260.99
377.44
-1260.07
-1707.47
2364.02
-730.49
-68.83
2043.69
1541.74
-1926.07
-472.31
693.08
-1260.43
374.55
15.13
811.76
1294.63
-2044.15
171.42
2272.25
-1567.73
-1347.85
-1988.85
851.51
-2040.38
83.58
720.91
1547.19
1042.34
1744.21
-819.58
-1718.65
-378.35
420.35
-926.12
-514.33
2189.86
1505.05
-970.64
1231.60
2078.98
1057.05
-575.33
-1681.45
-1068.40
1939.80
1630.31
-2273.77
2395.65
-698.27
2498.48
-1672.07
453.88
-1990.37
1679.44
913.50
593.21
-99.65
-39.31
-864.45
-855.44
1641.11
-83.10
1266.21
-438.54
1490.79
-1748.12
-748.69
495.83
-218.75
-2017.09
74.81
-1661.70
-92.41
893.36
-230.10
-652.61
23.67
-3.87
-756.96
1825.40
-5.39
70.97
-220.73
504.24
-749.60
-1807.23
-1402.55
1650.75
653.46
233.01
-1704.69
-205.43
-2350.09
2061.52
1856.02
1640.69
-2186.59
-1392.66
-363.47
94.65
-909.75
2211.34
932.96
1497.84
604.70
-1797.14
-1654.77
-1871.63
698.99
88.27
2453.76
-1806.40
-2340.76
-266.96
1197.84
-590.36
425.81
2295.29
-1439.61
-1420.73
28.30
-644.30
873.84
178.21
-1082.78
229.86
-681.10
-769.37
1337.20
1455.43
1825.28
-2072.55
1166.76
258.24
1925.29
-728.54
961.10
-2229.49
-100.17
-839.91
358.78
-146.41
-146.31
518.02
2086.63
-1448.47
2427.65
12.44
-1653.18
-1511.96
1091.72
875.12
343.75
-534.45
-1446.67
1760.97
2195.41
372.23
-1508.40
1032.61
-672.35
-2183.12
1460.06
-2005.58
575.12
885.35
-234.12
-963.77
1155.86
2165.71
696.32
-985.36
-480.70
-1949.99
2032.66
-894.06
-898.46
1960.31
1618.38
-51.64
-2051.65
210.09
-1676.52
792.10
2175.65
-623.19
53.07
1871.06
2249.04
1044.67
403.68
-923.31
1361.55
-636.26
-428.90
-563.32
-2250.92
1836.98
972.90
1404.94
1502.69
-830.78
-2080.42
-1478.01
-280.77
2452.24
127.92
1320.77
1912.55
-753.70
-1230.86
2360.90
1956.40
-407.38
653.00
1632.05
1469.43
-1793.93
1003.11
1218.47
1750.74
-1093.21
-2204.84
612.30
770.52
-133.74
-2451.03
1019.61
-796.76
1021.88
-75.45
-1794.07
-2308.90
344.14
-772.08
-89.67
296.38
1855.84
-1268.90
-291.07
-1397.85
0.24
-430.17
-1941.46
2092.86
-2277.16
2190.59
1062.30
-1571.09
693.70
-219.23
-2320.35
2100.48
75.92
791.95
371.01
2442.18
840.92
-1109.39
-854.58
-637.20
1315.17
-148.65
-446.10
-840.70
1579.27
1964.23
1955.68
935.11
-1804.66
-835.39
2037.26
695.58
1234.44
-2404.20
288.44
1457.27
2286.39
-1149.26
2386.18
480.09
1131.50
-2434.17
80.57
-1292.57
857.78
-2048.42
-1350.39
-801.30
-657.81
295.03
1061.50
-1842.65
-2353.61
-1884.60
-183.34
1725.66
-2420.37
-727.66
160.77
-1725.03
936.94
-301.98
1470.55
-328.62
-206.18
-741.01
-1371.34
-419.79
609.72
-1485.16
-2439.70
-758.77
-1419.33
140.87
448.65
1938.46
592.44
1598.26
-1362.84
2434.63
-606.70
2198.66
-1908.01
-460.32
-2185.93
408.64
-1234.66
-2106.30
2180.98
1426.11
-1331.33
617.93
-1375.87
-2360.79
-2210.69
917.96
-601.80
-1082.04
-2001.83
-2492.07
-67.20
-1941.53
-750.85
1013.47
699.33
2197.80
451.93
-1208.23
1296.07
1589.09
-1273.59
-1810.63
1287.75
-681.61
229.05
1601.82
2227.04
1494.39
1995.51
1908.02
420.50
-1835.82
25.94
1544.63
-1696.60
315.25
-37.41
201.60
1733.21
460.76
209.52
-833.99
1019.22
1958.68
-2320.52
-781.45
1656.48
631.41
510.33
452.55
-279.50
1736.73
1141.91
-1491.75
-1444.87
-1129.04
-2389.93
-1717.84
-2134.64
2105.58
-2309.82
785.86
-2230.24
216.12
-169.51
-1426.84
-1968.62
2293.08
1274.76
2264.59
253.83
-1015.71
-1069.40
-1226.95
-1557.04
-889.92
491.61
-2400.56
2241.50
-1498.07
551.99
-538.00
-2261.33
-806.09
470.25
-1206.21
564.87
580.31
-424.04
930.23
185.89
-233.86
-783.92
455.66
2482.26
1546.57
1528.82
-1986.36
1339.65
303.58
-2221.78
-906.52
1787.86
-791.18
366.53
-2269.17
818.91
-1641.86
-2169.73
560.41
-639.93
882.26
-2477.60
-401.26
-2423.83
492.65
892.53
641.04
-1427.04
-2031.51
-928.73
1258.85
234.63
787.36
-785.49
216.89
-166.07
-1756.68
730.53
-1326.42
1046.90
1008.75
267.06
334.76
-2282.42
-1866.41
565.59
1036.49
-1008.27
895.86
-903.11
851.81
-721.88
-880.71
-2049.45
-645.71
2111.94
1343.08
2495.33
-1815.10
1811.57
-933.39
1943.75
-453.80
2353.96
-1341.75
2263.09
-312.11
-598.42
493.62
861.47
-2051.52
-997.63
-1371.47
783.24
-780.05
-737.88
-1151.17
-2243.56
753.86
2244.69
-646.67
-894.34
-977.19
972.63
-443.79
877.10
584.57
-1600.70
872.43
1269.47
-2289.13
2439.04
713.22
-242.92
2293.00
1871.47
-479.83
-519.11
-1226.95
-2486.21
-2157.64
-778.48
-983.83
-1029.12
-2495.24
736.12
733.00
-1146.41
992.56
-1013.14
-1401.73
-2154.11
592.52
121.08
1318.52
-2351.26
-1501.82
-596.92
-1451.97
1870.61
-1827.45
-1241.09
1809.65
1385.77
1015.98
1602.65
757.24
-1963.85
-1416.46
2030.29
-1950.06
-1074.11
-1248.19
-433.89
396.78
-1243.43
-2197.77
-1370.22
110.16
1294.78
116.64
1208.43
1640.67
-1790.84
-1170.49
459.19
-1642.10
-172.31
2362.27
-594.07
-801.70
-1965.18
664.84
-1492.06
1920.59
-819.18
-2389.41
177.83
-283.02
-1305.87
-291.89
266.92
120.02
959.92
2333.03
-1983.20
2216.49
-2364.75
-853.43
-173.36
1430.04
1763.21
-1464.93
570.71
2472.38
-135.42
-1470.10
-1669.73
2192.27
-1607.83
236.21
-1109.44
-1073.01
-1598.95
-101.49
-1652.42
81.87
9.10
1025.40
2298.85
1203.22
-1766.48
65.77
-1176.76
1693.44
-101.21
-659.96
1409.92
34.05
986.61
-1263.43
-1035.92
249.83
-228.36
2034.79
222.20
2136.22
-1935.31
1052.48
1828.49
-1043.14
-1211.32
-1780.95
383.85
-310.27
617.56
1231.43
2271.60
-1873.35
-243.17
2070.45
1829.88
490.35
-363.78
-1846.88
-316.22
2035.01
-6.84
-1406.30
-430.94
-1520.22
-169.73
1033.14
1229.60
2101.91
567.93
-1048.19
1738.13
1132.62
-2495.72
1066.62
-2410.52
-1207.03
1785.67
473.33
982.70
-96.78
-795.25
754.31
529.88
1461.58
324.76
-140.25
-548.07
2460.98
512.87
1635.71
1995.99
-1993.96
-2270.59
-934.96
-1014.19
59.69
-2401.82
-2284.58
-338.40
666.11
-832.78
-1100.27
-701.26
-828.49
2466.35
-611.79
464.48
1752.01
2361.54
-1052.82
-844.76
-933.71
2201.48
2185.11
-1972.13
26.24
-455.14
-20.20
-12.79
-2442.26
-884.49
-516.80
-1936.23
-655.07
1048.24
-450.42
1904.61
1146.42
-235.00
-933.79
-687.46
1432.22
465.94
1111.27
-1896.27
432.28
-2000.51
1068.20
-315.70
-2138.97
-2484.62
1339.53
-572.68
2216.86
1024.65
-44.81
-256.90
-1930.49
2435.00
2230.32
-1872.75
-949.49
-786.48
-1308.98
895.43
-2238.24
740.60
300.05
1408.18
-1994.40
1866.26
-1779.28
1937.83
-167.81
1831.99
-2458.44
-2235.52
2331.48
1109.76
-51.23
-2307.49
1125.14
-1211.69
-380.17
842.00
2312.95
2075.03
-1914.89
-2117.54
2010.02
-2184.58
-1490.29
-1439.47
-471.06
-299.27
1955.96
-209.30
-2058.66
-243.99
-1301.12
-1553.06
-877.74
-580.40
-2115.23
1454.46
-1248.40
-2073.68
1718.93
-1416.92
1536.08
-832.29
-1224.41
161.23
456.01
895.43
-1496.77
268.97
470.45
-911.67
651.43
-19.52
-596.24
1661.14
1041.01
1432.70
-1138.13
496.97
-1276.60
-696.79
-2247.02
-77.72
250.15
-624.76
1841.89
634.92
-1670.31
-1906.51
1061.24
-2451.37
-823.43
97.33
-783.67
452.16
-2241.45
2172.35
-1152.41
-1238.22
-58.68
1818.04
350.12
-1907.25
-701.48
2253.87
2253.89
-2160.47
1186.57
-1384.24
836.49
2409.97
418.97
1089.47
-167.75
-1830.88
-2035.29
-825.87
1304.03
-1205.60
-232.38
-134.73
-1156.97
1444.19
2462.60
559.36
-603.65
-2278.85
231.71
743.94
-1017.07
-2326.97
61.99
1833.05
-1734.23
1860.51
1586.92
-1980.34
2200.03
273.49
-864.58
536.53
183.46
2054.39
-874.00
-2484.29
-2276.50
-409.29
-810.16
1527.54
885.11
1457.46
-1107.19
2228.14
401.65
-1144.59
287.51
2298.00
-923.44
-1980.78
541.94
559.49
-1807.76
-1896.07
-107.46
-1041.98
2464.44
-1020.54
-522.32
2164.47
1752.95
1113.10
201.00
-563.59
667.48
1827.00
-547.89
890.99
-1082.29
1141.96
-81.47
2302.82
99.42
1311.34
2030.97
-1998.93
-2333.25
-181.53
-2200.93
-756.68
337.69
841.01
2302.81
1029.94
1444.95
-304.65
2487.95
1409.38
1174.81
-534.37
1073.86
427.75
-1921.27
-1225.14
2364.16
1246.21
-1898.14
-683.73
-362.80
-480.43
-2041.77
2055.73
-677.61
557.65
867.07
-1146.64
1058.71
1033.83
1171.83
1357.78
-2222.86
-990.47
-301.20
-2420.05
-2460.54
-1356.26
-224.70
-2472.58
-2446.87
-1549.90
-506.95
1126.98
1377.86
71.78
2401.84
1242.02
-1182.01
-1996.30
-1941.71
955.19
23.27
-1483.48
510.92
1845.67
1574.17
-1122.00
-1800.97
132.88
2411.82
1870.86
-1009.33
-2311.04
-1619.62
1189.46
-2231.09
-1580.15
2333.21
44.21
-1552.74
2386.33
994.32
440.31
1013.32
-127.82
-1987.91
915.16
-1385.80
-669.92
1418.86
-827.51
-2214.73
-1057.87
189.01
796.19
-1712.20
-736.82
2174.19
-1013.18
1896.06
2086.01
-1642.32
-1613.28
2274.98
-761.94
2076.19
-2456.11
157.91
1909.39
88.11
1105.18
1795.73
-1417.57
-954.51
309.05
954.60
-442.43
-1275.80
2068.80
1387.65
-2356.94
-1258.71
1672.92
-914.81
1430.30
-30.88
-127.01
-1806.52
-356.69
1359.81
-2410.47
-770.68
2217.49
-1523.74
-995.70
-1044.44
-1947.55
-951.81
1613.47
2461.84
1636.30
218.65
1757.57
-2281.27
1764.13
-433.39
1173.33
-1178.29
790.82
742.13
-2290.64
933.88
1983.42
1882.28
-2480.93
913.71
-648.60
-107.94
1607.19
1494.71
-1248.12
1696.72
-1775.97
-1530.63
-2327.02
-271.67
-75.07
-1774.57
1276.53
-961.60
-1812.73
412.83
1757.04
2444.83
631.55
1021.18
-488.55
-695.12
2342.88
-2197.74
-2452.99
-2447.76
1236.14
2030.43
1934.52
1255.22
444.14
-1214.08
-1352.72
-448.67
-2219.37
-100.84
-1251.95
-1495.34
868.53
-1078.97
732.99
-1706.54
-353.54
-490.49
-168.14
333.72
2422.34
-911.09
278.56
553.90
-2389.92
2290.01
2358.78
2452.97
-2407.73
2405.79
-2494.79
1328.42
1936.22
1939.73
83.63
-119.64
-1774.35
1230.92
1931.69
-1493.72
-1369.92
-1820.26
-489.07
1998.61
-399.23
-2256.08
-2207.93
1747.23
-246.56
123.93
-419.04
-324.22
1712.84
2359.51
-2270.32
1822.92
2149.52
-2411.54
1775.89
2241.79
2494.25
1781.09
1070.21
1930.47
1220.82
-1346.16
-689.17
1946.47
2384.76
-1257.48
-2047.25
-1485.16
-577.74
-36.32
-1986.55
1523.03
207.61
-1694.48
770.27
2461.05
929.45
-2148.78
-363.17
142.29
-2289.26
-133.50
-534.79
2360.26
-45.04
-1258.90
2102.05
-50.79
-1977.81
672.26
-620.32
1743.01
1826.10
1190.50
1189.48
1710.86
2433.02
1642.23
-2274.31
-644.72
-894.08
-1760.86
-1621.69
1813.52
-955.34
1648.58
1774.57
2474.11
1999.80
-1088.60
116.40
2210.54
1277.90
2081.61
2070.79
-1267.14
-1677.29
1672.84
1182.07
-1155.10
-154.90
-1938.26
-1912.09
-828.81
1752.25
1777.40
-1617.95
1685.27
919.63
-1392.26
-1459.45
-2474.45
-653.12
-581.13
1839.07
891.54
-1432.55
1113.64
865.64
-1932.75
-2474.96
-1517.96
-2222.22
1302.94
-1936.34
2348.58
-2464.21
-1113.64
1521.42
1217.86
231.26
-1133.49
1779.60
819.18
537.70
1031.85
96.57
1419.75
217.12
-1483.80
-2472.51
1257.68
-1458.26
-625.63
-1823.46
-2119.18
-2234.10
-756.01
1494.46
1131.55
-188.76
1519.49
2113.59
89.02
322.43
-2322.75
-62.40
358.22
-936.39
-1040.98
-923.92
1794.88
325.53
-1644.31
114.05
-1636.77
1887.54
-2289.38
2282.98
-395.34
-1273.18
2310.47
-1637.66
-231.43
-815.16
-961.11
149.38
-549.26
782.88
-856.16
-1917.71
-1905.88
-1836.67
-2304.12
683.14
985.76
-2126.87
-1879.26
-1156.02
-563.26
-420.24
420.06
-1268.38
2405.28
1275.75
1345.67
-1731.49
663.29
1556.29
-1948.51
-2232.04
-2216.89
-2138.04
-1369.70
51.68
-453.20
169.18
-2298.94
1497.54
-1547.94
-655.10
2079.83
-953.82
8.23
2275.71
2229.32
-1506.01
-2351.17
-2149.94
-162.03
-414.43
-70.18
-2241.96
817.19
-164.90
1533.79
-337.14
603.62
-302.92
-1280.85
1155.11
-34.96
-997.74
1517.07
1095.33
1553.94
-1436.13
-1235.48
1755.00
-2438.60
-283.42
-1400.10
2141.23
1262.75
1108.13
1916.94
992.07
2102.12
2065.77
1342.13
-559.91
-848.65
-1228.05
-301.87
2468.54
1107.06
-1268.08
-368.60
-789.33
929.00
850.54
-2134.22
-1605.96
2352.80
1882.84
1989.37
1406.74
-2053.29
-1746.11
661.73
-1991.89
470.46
1761.63
-2350.65
-766.79
369.75
2066.29
-2274.71
-28.13
1632.06
1567.42
1911.97
-1716.59
-2160.63
-889.90
-1748.05
1446.43
342.02
383.34
-1842.90
-1228.98
-1266.11
-1477.12
-334.94
-1413.31
-2094.28
-845.57
2493.42
-1647.57
-91.69
655.15
-1139.45
-2121.22
-83.22
-990.11
-388.01
-2213.47
-1423.82
-162.72
258.41
-2291.76
-1095.30
-329.63
-1508.35
-755.93
1280.47
-756.40
-1809.50
-877.51
2126.94
-1152.40
393.51
-1639.17
-129.52
-2441.44
-552.48
276.20
-787.01
-559.06
1128.64
1621.31
-2403.91
2489.19
2000.08
12.87
-1000.92
-887.93
299.41
75.26
1449.35
-1942.19
283.50
-2145.95
228.19
1275.15
-401.88
-991.34
-1981.25
288.62
631.14
-2354.30
1636.23
-1475.35
-1493.47
-993.29
-1416.79
454.05
1782.91
296.20
2394.99
411.55
-582.49
2491.08
400.73
-1082.40
3.95
1899.81
529.67
-2196.64
-524.93
-520.98
-1638.83
2258.58
-166.93
1089.36
1033.73
1931.19
-2401.98
1552.48
-280.19
729.16
1698.18
-1143.96
1753.81
-2295.29
362.74
-2162.98
658.76
-354.35
633.22
553.74
-2442.80
-2449.26
544.82
457.94
-1031.67
-1951.23
-142.25
1998.00
-1647.87
1832.82
-1022.98
-786.70
1591.40
1310.09
-2197.34
125.13
741.27
-2099.32
-822.39
-2038.92
1129.84
-1624.21
-682.88
383.65
-1419.50
2179.86
720.67
1739.26
-674.49
-1146.11
-206.99
-617.28
-1095.37
-2162.17
2340.65
372.96
-1613.40
-301.60
-129.04
-761.27
-968.78
1347.98
952.03
-1877.38
158.07
1254.70
747.75
-1600.66
1655.38
2425.36
-1139.57
285.22
-1698.85
677.55
-1831.13
-618.35
357.41
1389.53
-1379.08
2182.92
-2256.57
913.92
-934.36
-851.94
1251.75
-1093.71
2021.02
2138.35
1104.69
-608.02
-1122.92
-2364.08
-1760.04
2329.11
-1741.46
898.03
1083.81
1506.29
1797.38
239.19
1431.65
-1842.20
-1975.59
2232.80
1335.35
-1306.72
-885.55
-807.24
-2417.19
235.37
-1124.31
-2173.76
-1350.71
441.33
-525.71
2401.04
1847.62
-1004.69
2039.38
452.32
887.29
-1583.54
588.23
1627.25
-1754.43
1346.78
25.29
1829.38
353.07
-677.34
-431.43
-715.28
-19.53
92.98
-982.48
-1184.18
1286.26
631.97
508.58
1369.07
-1632.66
1884.27
1695.31
-483.37
-174.40
-1330.39
-582.33
-826.78
164.92
-1042.95
2125.53
-1447.79
-126.49
213.77
-2320.54
619.08
-939.46
204.75
-51.53
1913.61
2027.41
2017.04
-1301.68
-492.12
-389.97
215.84
823.69
-1603.71
-1652.19
-1167.73
2265.36
-784.85
-1783.46
1460.67
1231.78
542.14
-2369.72
-1850.56
2215.35
295.20
-393.51
1840.89
1347.41
1980.01
-445.35
1526.87
99.09
1115.20
-768.38
-2452.44
528.81
-1240.97
2064.60
1727.13
766.91
-825.37
-557.03
-909.40
70.92
290.78
422.88
-163.72
2005.93
1139.42
-1203.05
737.70
-818.44
-1072.77
1387.15
-1103.09
1722.43
-1506.36
-1762.21
569.84
-2026.35
292.45
-403.29
572.74
-1092.36
1328.33
620.29
1936.45
-2412.64
184.90
1163.58
854.27
1859.52
-1893.45
2444.87
-569.56
897.33
367.75
1766.72
403.26
-992.83
-1936.32
-1359.04
688.72
-509.09
-2471.89
2085.63
-1286.66
-1478.25
-2176.57
1783.18
-1004.60
615.87
-1120.12
2068.13
2023.52
-2291.79
188.42
1459.97
-2204.43
-2126.68
123.55
1149.84
2232.84
730.10
1094.72
-836.71
-872.57
-1037.53
-1569.99
2030.69
469.63
-1006.31
-1828.35
-1341.64
984.60
-1800.24
-1756.01
2197.93
-778.49
-1432.59
1481.11
716.91
1683.29
-2139.01
285.04
1206.80
-1930.79
-2026.54
166.77
-1635.22
-1653.22
-2209.69
2014.62
-1920.38
1020.41
609.34
-257.09
-2352.16
2071.81
672.92
2178.53
41.44
2166.60
-2149.82
1199.80
651.20
-1450.06
1943.78
349.13
271.45
-1988.80
-669.76
-1511.64
2194.48
-308.77
1273.40
901.28
260.44
1746.86
-1431.95
1125.22
-2406.36
-1141.64
639.84
-1826.74
2378.77
-1250.82
416.16
-2473.38
-1679.02
-1410.92
2205.15
862.42
-1744.32
-2444.67
-437.78
1406.88
-1394.73
-994.00
-743.99
1376.73
-482.80
1086.25
2365.09
-788.32
-1722.52
1138.48
-2387.03
1037.92
385.34
-1318.98
-336.86
478.97
39.38
-2197.02
1152.23
-81.85
-947.84
-931.61
-55.23
-126.85
157.47
-350.08
-1764.43
913.16
-294.76
297.79
-179.96
810.52
1803.79
1576.05
-312.76
-1179.00
162.30
-447.67
532.68
939.78
-1809.19
645.65
-522.29
1076.15
1826.66
1640.85
-944.88
-633.96
1943.83
-2292.65
